{
    "camera_angle_x": 1.1344640137963142,
    "frames": [
        {
            "file_path": "./train/r_0",
            "transform_matrix": [
                [
                    -0.8328,
                    0.182353,
                    0.522677,
                    1.26897
                ],
                [
                    0.0,
                    0.944187,
                    -0.329411,
                    5.08319
                ],
                [
                    -0.553573,
                    -0.274334,
                    -0.786319,
                    8.197
                ],
                [
                    0.0,
                    0.0,
                    0.0,
                    1.0
                ]
            ]
        },
        {
            "file_path": "./train/r_1",
            "transform_matrix": [
                [
                    -0.832268,
                    0.160354,
                    0.530675,
                    1.14515
                ],
                [
                    -0.0454051,
                    0.934319,
                    -0.353534,
                    5.48963
                ],
                [
                    -0.55251,
                    -0.318331,
                    -0.770324,
                    7.94937
                ],
                [
                    0.0,
                    0.0,
                    0.0,
                    1.0
                ]
            ]
        },
        {
            "file_path": "./train/r_2",
            "transform_matrix": [
                [
                    -0.830674,
                    0.138617,
                    0.539226,
                    1.012
                ],
                [
                    -0.0906858,
                    0.921891,
                    -0.376689,
                    5.88103
                ],
                [
                    -0.549322,
                    -0.361806,
                    -0.753221,
                    7.68305
                ],
                [
                    0.0,
                    0.0,
                    0.0,
                    1.0
                ]
            ]
        },
        {
            "file_path": "./train/r_3",
            "transform_matrix": [
                [
                    -0.828023,
                    0.1172,
                    0.548308,
                    0.86986
                ],
                [
                    -0.135718,
                    0.906935,
                    -0.39881,
                    6.2563
                ],
                [
                    -0.544019,
                    -0.40464,
                    -0.735057,
                    7.39878
                ],
                [
                    0.0,
                    0.0,
                    0.0,
                    1.0
                ]
            ]
        },
        {
            "file_path": "./train/r_4",
            "transform_matrix": [
                [
                    -0.824321,
                    0.0961626,
                    0.557895,
                    0.719135
                ],
                [
                    -0.180378,
                    0.889494,
                    -0.419839,
                    6.61443
                ],
                [
                    -0.536616,
                    -0.446715,
                    -0.715883,
                    7.09733
                ],
                [
                    0.0,
                    0.0,
                    0.0,
                    1.0
                ]
            ]
        },
        {
            "file_path": "./train/r_5",
            "transform_matrix": [
                [
                    -0.81958,
                    0.0755622,
                    0.567961,
                    0.560234
                ],
                [
                    -0.224544,
                    0.869615,
                    -0.439717,
                    6.95443
                ],
                [
                    -0.527132,
                    -0.487916,
                    -0.695751,
                    6.77953
                ],
                [
                    0.0,
                    0.0,
                    0.0,
                    1.0
                ]
            ]
        },
        {
            "file_path": "./train/r_6",
            "transform_matrix": [
                [
                    -0.81381,
                    0.0554553,
                    0.578478,
                    0.393593
                ],
                [
                    -0.268094,
                    0.847352,
                    -0.45839,
                    7.27536
                ],
                [
                    -0.515594,
                    -0.528129,
                    -0.674717,
                    6.44625
                ],
                [
                    0.0,
                    0.0,
                    0.0,
                    1.0
                ]
            ]
        },
        {
            "file_path": "./train/r_7",
            "transform_matrix": [
                [
                    -0.80703,
                    0.0358971,
                    0.589418,
                    0.219669
                ],
                [
                    -0.310909,
                    0.822766,
                    -0.475806,
                    7.57636
                ],
                [
                    -0.502033,
                    -0.567246,
                    -0.652836,
                    6.0984
                ],
                [
                    0.0,
                    0.0,
                    0.0,
                    1.0
                ]
            ]
        },
        {
            "file_path": "./train/r_8",
            "transform_matrix": [
                [
                    -0.799257,
                    0.0169411,
                    0.600751,
                    0.0389383
                ],
                [
                    -0.352873,
                    0.795926,
                    -0.491918,
                    7.85659
                ],
                [
                    -0.486486,
                    -0.605158,
                    -0.630171,
                    5.73694
                ],
                [
                    0.0,
                    0.0,
                    0.0,
                    1.0
                ]
            ]
        },
        {
            "file_path": "./train/r_9",
            "transform_matrix": [
                [
                    -0.790512,
                    -0.00136078,
                    0.612445,
                    -0.148103
                ],
                [
                    -0.393869,
                    0.766904,
                    -0.506682,
                    8.11528
                ],
                [
                    -0.468996,
                    -0.641762,
                    -0.606782,
                    5.36285
                ],
                [
                    0.0,
                    0.0,
                    0.0,
                    1.0
                ]
            ]
        },
        {
            "file_path": "./train/r_10",
            "transform_matrix": [
                [
                    -0.780819,
                    -0.0189582,
                    0.624469,
                    -0.340944
                ],
                [
                    -0.433785,
                    0.735779,
                    -0.520057,
                    8.35173
                ],
                [
                    -0.449612,
                    -0.676956,
                    -0.582735,
                    4.97717
                ],
                [
                    0.0,
                    0.0,
                    0.0,
                    1.0
                ]
            ]
        },
        {
            "file_path": "./train/r_11",
            "transform_matrix": [
                [
                    -0.770206,
                    -0.0358031,
                    0.63679,
                    -0.539054
                ],
                [
                    -0.472513,
                    0.702639,
                    -0.532006,
                    8.56529
                ],
                [
                    -0.428385,
                    -0.710646,
                    -0.558094,
                    4.58095
                ],
                [
                    0.0,
                    0.0,
                    0.0,
                    1.0
                ]
            ]
        },
        {
            "file_path": "./train/r_12",
            "transform_matrix": [
                [
                    -0.758701,
                    -0.0518492,
                    0.649373,
                    -0.741891
                ],
                [
                    -0.509945,
                    0.667572,
                    -0.542498,
                    8.75537
                ],
                [
                    -0.405374,
                    -0.742738,
                    -0.532928,
                    4.17528
                ],
                [
                    0.0,
                    0.0,
                    0.0,
                    1.0
                ]
            ]
        },
        {
            "file_path": "./train/r_13",
            "transform_matrix": [
                [
                    -0.746335,
                    -0.0670526,
                    0.662184,
                    -0.948899
                ],
                [
                    -0.54598,
                    0.630675,
                    -0.551502,
                    8.92146
                ],
                [
                    -0.380643,
                    -0.773145,
                    -0.507304,
                    3.76126
                ],
                [
                    0.0,
                    0.0,
                    0.0,
                    1.0
                ]
            ]
        },
        {
            "file_path": "./train/r_14",
            "transform_matrix": [
                [
                    -0.733143,
                    -0.0813716,
                    0.675189,
                    -1.15951
                ],
                [
                    -0.580518,
                    0.59205,
                    -0.558995,
                    9.06309
                ],
                [
                    -0.354259,
                    -0.801783,
                    -0.481295,
                    3.34004
                ],
                [
                    0.0,
                    0.0,
                    0.0,
                    1.0
                ]
            ]
        },
        {
            "file_path": "./train/r_15",
            "transform_matrix": [
                [
                    -0.719161,
                    -0.0947669,
                    0.688351,
                    -1.37315
                ],
                [
                    -0.613465,
                    0.551802,
                    -0.564956,
                    9.17988
                ],
                [
                    -0.326294,
                    -0.828574,
                    -0.454971,
                    2.91276
                ],
                [
                    0.0,
                    0.0,
                    0.0,
                    1.0
                ]
            ]
        },
        {
            "file_path": "./train/r_16",
            "transform_matrix": [
                [
                    -0.704426,
                    -0.107202,
                    0.701635,
                    -1.58923
                ],
                [
                    -0.64473,
                    0.510042,
                    -0.569368,
                    9.27151
                ],
                [
                    -0.296825,
                    -0.853444,
                    -0.428403,
                    2.4806
                ],
                [
                    0.0,
                    0.0,
                    0.0,
                    1.0
                ]
            ]
        },
        {
            "file_path": "./train/r_17",
            "transform_matrix": [
                [
                    -0.68898,
                    -0.118642,
                    0.715004,
                    -1.80715
                ],
                [
                    -0.674229,
                    0.466883,
                    -0.572219,
                    9.33772
                ],
                [
                    -0.265934,
                    -0.876325,
                    -0.401666,
                    2.04475
                ],
                [
                    0.0,
                    0.0,
                    0.0,
                    1.0
                ]
            ]
        },
        {
            "file_path": "./train/r_18",
            "transform_matrix": [
                [
                    -0.672865,
                    -0.129057,
                    0.728421,
                    -2.02633
                ],
                [
                    -0.701879,
                    0.422445,
                    -0.573502,
                    9.37835
                ],
                [
                    -0.233703,
                    -0.897154,
                    -0.374831,
                    1.60639
                ],
                [
                    0.0,
                    0.0,
                    0.0,
                    1.0
                ]
            ]
        },
        {
            "file_path": "./train/r_19",
            "transform_matrix": [
                [
                    -0.656125,
                    -0.138417,
                    0.74185,
                    -2.24616
                ],
                [
                    -0.727606,
                    0.376849,
                    -0.573214,
                    9.39326
                ],
                [
                    -0.200223,
                    -0.915875,
                    -0.347974,
                    1.16674
                ],
                [
                    0.0,
                    0.0,
                    0.0,
                    1.0
                ]
            ]
        },
        {
            "file_path": "./train/r_20",
            "transform_matrix": [
                [
                    -0.638805,
                    -0.146698,
                    0.755253,
                    -2.46604
                ],
                [
                    -0.751338,
                    0.33022,
                    -0.571354,
                    9.38243
                ],
                [
                    -0.165584,
                    -0.932435,
                    -0.321166,
                    0.726983
                ],
                [
                    0.0,
                    0.0,
                    0.0,
                    1.0
                ]
            ]
        },
        {
            "file_path": "./train/r_21",
            "transform_matrix": [
                [
                    -0.620954,
                    -0.153875,
                    0.768595,
                    -2.68536
                ],
                [
                    -0.773011,
                    0.282686,
                    -0.567928,
                    9.34589
                ],
                [
                    -0.129881,
                    -0.94679,
                    -0.294483,
                    0.288341
                ],
                [
                    0.0,
                    0.0,
                    0.0,
                    1.0
                ]
            ]
        },
        {
            "file_path": "./train/r_22",
            "transform_matrix": [
                [
                    -0.60262,
                    -0.15993,
                    0.781839,
                    -2.90353
                ],
                [
                    -0.792565,
                    0.234377,
                    -0.562945,
                    9.28372
                ],
                [
                    -0.0932135,
                    -0.958901,
                    -0.267996,
                    -0.147992
                ],
                [
                    0.0,
                    0.0,
                    0.0,
                    1.0
                ]
            ]
        },
        {
            "file_path": "./train/r_23",
            "transform_matrix": [
                [
                    -0.583854,
                    -0.164846,
                    0.794947,
                    -3.11994
                ],
                [
                    -0.809947,
                    0.185426,
                    -0.556419,
                    9.19612
                ],
                [
                    -0.0556804,
                    -0.968733,
                    -0.241779,
                    -0.580815
                ],
                [
                    0.0,
                    0.0,
                    0.0,
                    1.0
                ]
            ]
        },
        {
            "file_path": "./train/r_24",
            "transform_matrix": [
                [
                    -0.564706,
                    -0.16861,
                    0.807885,
                    -3.334
                ],
                [
                    -0.825108,
                    0.135967,
                    -0.548369,
                    9.0833
                ],
                [
                    -0.0173851,
                    -0.976261,
                    -0.215903,
                    -1.00894
                ],
                [
                    0.0,
                    0.0,
                    0.0,
                    1.0
                ]
            ]
        },
        {
            "file_path": "./train/r_25",
            "transform_matrix": [
                [
                    -0.54523,
                    -0.171211,
                    0.820617,
                    -3.54513
                ],
                [
                    -0.838008,
                    0.0861346,
                    -0.538815,
                    8.94559
                ],
                [
                    0.0215673,
                    -0.981462,
                    -0.19044,
                    -1.43121
                ],
                [
                    0.0,
                    0.0,
                    0.0,
                    1.0
                ]
            ]
        },
        {
            "file_path": "./train/r_26",
            "transform_matrix": [
                [
                    -0.525478,
                    -0.172642,
                    0.833107,
                    -3.75275
                ],
                [
                    -0.848612,
                    0.0360663,
                    -0.527784,
                    8.78336
                ],
                [
                    0.0610704,
                    -0.984324,
                    -0.165459,
                    -1.84644
                ],
                [
                    0.0,
                    0.0,
                    0.0,
                    1.0
                ]
            ]
        },
        {
            "file_path": "./train/r_27",
            "transform_matrix": [
                [
                    -0.505506,
                    -0.172899,
                    0.845323,
                    -3.95629
                ],
                [
                    -0.856889,
                    -0.0141007,
                    -0.515307,
                    8.59706
                ],
                [
                    0.101016,
                    -0.984839,
                    -0.141028,
                    -2.25352
                ],
                [
                    0.0,
                    0.0,
                    0.0,
                    1.0
                ]
            ]
        },
        {
            "file_path": "./train/r_28",
            "transform_matrix": [
                [
                    -0.485367,
                    -0.171982,
                    0.857229,
                    -4.15519
                ],
                [
                    -0.862818,
                    -0.0642292,
                    -0.501417,
                    8.38719
                ],
                [
                    0.141294,
                    -0.983004,
                    -0.117215,
                    -2.65131
                ],
                [
                    0.0,
                    0.0,
                    0.0,
                    1.0
                ]
            ]
        },
        {
            "file_path": "./train/r_29",
            "transform_matrix": [
                [
                    -0.465117,
                    -0.169893,
                    0.868794,
                    -4.3489
                ],
                [
                    -0.866381,
                    -0.114182,
                    -0.486153,
                    8.15433
                ],
                [
                    0.181794,
                    -0.978826,
                    -0.0940845,
                    -3.03874
                ],
                [
                    0.0,
                    0.0,
                    0.0,
                    1.0
                ]
            ]
        },
        {
            "file_path": "./train/r_30",
            "transform_matrix": [
                [
                    -0.444811,
                    -0.166637,
                    0.879986,
                    -4.5369
                ],
                [
                    -0.86757,
                    -0.163821,
                    -0.469557,
                    7.89912
                ],
                [
                    0.222405,
                    -0.972314,
                    -0.0717004,
                    -3.41473
                ],
                [
                    0.0,
                    0.0,
                    0.0,
                    1.0
                ]
            ]
        },
        {
            "file_path": "./train/r_31",
            "transform_matrix": [
                [
                    -0.404255,
                    -0.156666,
                    0.901129,
                    -4.8937
                ],
                [
                    -0.862818,
                    -0.261618,
                    -0.432552,
                    7.32451
                ],
                [
                    0.303517,
                    -0.952372,
                    -0.0294141,
                    -4.12834
                ],
                [
                    0.0,
                    0.0,
                    0.0,
                    1.0
                ]
            ]
        },
        {
            "file_path": "./train/r_32",
            "transform_matrix": [
                [
                    -0.384116,
                    -0.149978,
                    0.911023,
                    -5.06153
                ],
                [
                    -0.856889,
                    -0.309508,
                    -0.412245,
                    7.00668
                ],
                [
                    0.343795,
                    -0.938996,
                    -0.0096278,
                    -4.46399
                ],
                [
                    0.0,
                    0.0,
                    0.0,
                    1.0
                ]
            ]
        },
        {
            "file_path": "./train/r_33",
            "transform_matrix": [
                [
                    -0.344392,
                    -0.133287,
                    0.929317,
                    -5.37374
                ],
                [
                    -0.838008,
                    -0.402613,
                    -0.368299,
                    6.31434
                ],
                [
                    0.423243,
                    -0.905615,
                    0.0269601,
                    -5.08842
                ],
                [
                    0.0,
                    0.0,
                    0.0,
                    1.0
                ]
            ]
        },
        {
            "file_path": "./train/r_34",
            "transform_matrix": [
                [
                    -0.324916,
                    -0.123331,
                    0.937667,
                    -5.51726
                ],
                [
                    -0.825108,
                    -0.447573,
                    -0.344782,
                    5.94172
                ],
                [
                    0.462196,
                    -0.885702,
                    0.0436615,
                    -5.37547
                ],
                [
                    0.0,
                    0.0,
                    0.0,
                    1.0
                ]
            ]
        },
        {
            "file_path": "./train/r_35",
            "transform_matrix": [
                [
                    -0.305768,
                    -0.112336,
                    0.945456,
                    -5.65187
                ],
                [
                    -0.809947,
                    -0.491306,
                    -0.320319,
                    5.55281
                ],
                [
                    0.500491,
                    -0.863712,
                    0.0592391,
                    -5.64469
                ],
                [
                    0.0,
                    0.0,
                    0.0,
                    1.0
                ]
            ]
        },
        {
            "file_path": "./train/r_36",
            "transform_matrix": [
                [
                    -0.287001,
                    -0.100333,
                    0.952662,
                    -5.7772
                ],
                [
                    -0.792565,
                    -0.533693,
                    -0.294978,
                    5.14869
                ],
                [
                    0.538024,
                    -0.839706,
                    0.0736501,
                    -5.89533
                ],
                [
                    0.0,
                    0.0,
                    0.0,
                    1.0
                ]
            ]
        },
        {
            "file_path": "./train/r_37",
            "transform_matrix": [
                [
                    -0.268667,
                    -0.0873537,
                    0.959264,
                    -5.89289
                ],
                [
                    -0.773011,
                    -0.574618,
                    -0.268829,
                    4.73045
                ],
                [
                    0.574692,
                    -0.813747,
                    0.0868553,
                    -6.12672
                ],
                [
                    0.0,
                    0.0,
                    0.0,
                    1.0
                ]
            ]
        },
        {
            "file_path": "./train/r_38",
            "transform_matrix": [
                [
                    -0.233497,
                    -0.0586135,
                    0.97059,
                    -6.09414
                ],
                [
                    -0.727606,
                    -0.651633,
                    -0.214393,
                    3.85626
                ],
                [
                    0.645034,
                    -0.756267,
                    0.109506,
                    -6.52922
                ],
                [
                    0.0,
                    0.0,
                    0.0,
                    1.0
                ]
            ]
        },
        {
            "file_path": "./train/r_39",
            "transform_matrix": [
                [
                    -0.216756,
                    -0.0429312,
                    0.975281,
                    -6.17915
                ],
                [
                    -0.701879,
                    -0.687513,
                    -0.186257,
                    3.4027
                ],
                [
                    0.678514,
                    -0.724902,
                    0.11889,
                    -6.69923
                ],
                [
                    0.0,
                    0.0,
                    0.0,
                    1.0
                ]
            ]
        },
        {
            "file_path": "./train/r_40",
            "transform_matrix": [
                [
                    -0.185195,
                    -0.00915681,
                    0.982659,
                    -6.31676
                ],
                [
                    -0.64473,
                    -0.753527,
                    -0.12853,
                    2.46887
                ],
                [
                    0.741636,
                    -0.657354,
                    0.133646,
                    -6.97446
                ],
                [
                    0.0,
                    0.0,
                    0.0,
                    1.0
                ]
            ]
        },
        {
            "file_path": "./train/r_41",
            "transform_matrix": [
                [
                    -0.170461,
                    0.00884262,
                    0.985325,
                    -6.36899
                ],
                [
                    -0.613465,
                    -0.78348,
                    -0.0990981,
                    1.99116
                ],
                [
                    0.771105,
                    -0.621355,
                    0.138977,
                    -7.07892
                ],
                [
                    0.0,
                    0.0,
                    0.0,
                    1.0
                ]
            ]
        },
        {
            "file_path": "./train/r_42",
            "transform_matrix": [
                [
                    -0.156479,
                    0.0275184,
                    0.987298,
                    -6.40997
                ],
                [
                    -0.580518,
                    -0.811285,
                    -0.0693948,
                    1.508
                ],
                [
                    0.79907,
                    -0.584003,
                    0.142923,
                    -7.16088
                ],
                [
                    0.0,
                    0.0,
                    0.0,
                    1.0
                ]
            ]
        },
        {
            "file_path": "./train/r_43",
            "transform_matrix": [
                [
                    -0.143287,
                    0.0468194,
                    0.988573,
                    -6.43958
                ],
                [
                    -0.54598,
                    -0.836867,
                    -0.0395013,
                    1.0207
                ],
                [
                    0.825454,
                    -0.545401,
                    0.145474,
                    -7.2201
                ],
                [
                    0.0,
                    0.0,
                    0.0,
                    1.0
                ]
            ]
        },
        {
            "file_path": "./train/r_44",
            "transform_matrix": [
                [
                    -0.130921,
                    0.0666928,
                    0.989147,
                    -6.45775
                ],
                [
                    -0.509945,
                    -0.860155,
                    -0.0094994,
                    0.530598
                ],
                [
                    0.850185,
                    -0.505654,
                    0.146622,
                    -7.25644
                ],
                [
                    0.0,
                    0.0,
                    0.0,
                    1.0
                ]
            ]
        },
        {
            "file_path": "./train/r_45",
            "transform_matrix": [
                [
                    -0.119416,
                    0.0870839,
                    0.989018,
                    -6.46442
                ],
                [
                    -0.472513,
                    -0.881085,
                    0.0205283,
                    0.0390475
                ],
                [
                    0.873196,
                    -0.464872,
                    0.146363,
                    -7.26978
                ],
                [
                    0.0,
                    0.0,
                    0.0,
                    1.0
                ]
            ]
        },
        {
            "file_path": "./train/r_46",
            "transform_matrix": [
                [
                    -0.108802,
                    0.107937,
                    0.988186,
                    -6.45958
                ],
                [
                    -0.433785,
                    -0.8996,
                    0.0504999,
                    -0.452611
                ],
                [
                    0.894422,
                    -0.423166,
                    0.1447,
                    -7.26009
                ],
                [
                    0.0,
                    0.0,
                    0.0,
                    1.0
                ]
            ]
        },
        {
            "file_path": "./train/r_47",
            "transform_matrix": [
                [
                    -0.0991099,
                    0.129195,
                    0.986654,
                    -6.44323
                ],
                [
                    -0.393869,
                    -0.91565,
                    0.080333,
                    -0.943029
                ],
                [
                    0.913807,
                    -0.38065,
                    0.141635,
                    -7.2274
                ],
                [
                    0.0,
                    0.0,
                    0.0,
                    1.0
                ]
            ]
        },
        {
            "file_path": "./train/r_48",
            "transform_matrix": [
                [
                    -0.090365,
                    0.150799,
                    0.984426,
                    -6.41543
                ],
                [
                    -0.352873,
                    -0.92919,
                    0.109946,
                    -1.43086
                ],
                [
                    0.931297,
                    -0.337442,
                    0.137179,
                    -7.1718
                ],
                [
                    0.0,
                    0.0,
                    0.0,
                    1.0
                ]
            ]
        },
        {
            "file_path": "./train/r_49",
            "transform_matrix": [
                [
                    -0.0825916,
                    0.172691,
                    0.981507,
                    -6.37625
                ],
                [
                    -0.310909,
                    -0.940183,
                    0.139258,
                    -1.91478
                ],
                [
                    0.946844,
                    -0.293658,
                    0.131342,
                    -7.09344
                ],
                [
                    0.0,
                    0.0,
                    0.0,
                    1.0
                ]
            ]
        },
        {
            "file_path": "./train/r_50",
            "transform_matrix": [
                [
                    -0.0758111,
                    0.19481,
                    0.977907,
                    -6.3258
                ],
                [
                    -0.268094,
                    -0.948599,
                    0.168187,
                    -2.39344
                ],
                [
                    0.960405,
                    -0.24942,
                    0.124141,
                    -6.99254
                ],
                [
                    0.0,
                    0.0,
                    0.0,
                    1.0
                ]
            ]
        },
        {
            "file_path": "./train/r_51",
            "transform_matrix": [
                [
                    -0.0653001,
                    0.239487,
                    0.968701,
                    -6.19166
                ],
                [
                    -0.180378,
                    -0.957615,
                    0.224586,
                    -3.32979
                ],
                [
                    0.981427,
                    -0.160067,
                    0.10573,
                    -6.72426
                ],
                [
                    0.0,
                    0.0,
                    0.0,
                    1.0
                ]
            ]
        },
        {
            "file_path": "./train/r_52",
            "transform_matrix": [
                [
                    -0.0615983,
                    0.261922,
                    0.963121,
                    -6.10834
                ],
                [
                    -0.135718,
                    -0.95819,
                    0.251901,
                    -3.78491
                ],
                [
                    0.98883,
                    -0.115196,
                    0.0945701,
                    -6.55763
                ],
                [
                    0.0,
                    0.0,
                    0.0,
                    1.0
                ]
            ]
        },
        {
            "file_path": "./train/r_53",
            "transform_matrix": [
                [
                    -0.058947,
                    0.28434,
                    0.95691,
                    -6.01449
                ],
                [
                    -0.0906858,
                    -0.956139,
                    0.278524,
