{
    "camera_angle_x": 0.6108652381980153,
    "frames": [
        {
            "file_path": "./train/r_0",
            "transform_matrix": [
                [
                    -0.872027,
                    0.135655,
                    0.470284,
                    -8.83707
                ],
                [
                    0.0,
                    0.960826,
                    -0.277154,
                    5.8377
                ],
                [
                    -0.489459,
                    -0.241685,
                    -0.837865,
                    14.6207
                ],
                [
                    0.0,
                    0.0,
                    0.0,
                    1.0
                ]
            ]
        },
        {
            "file_path": "./train/r_1",
            "transform_matrix": [
                [
                    -0.896448,
                    0.12282,
                    0.425789,
                    -8.05977
                ],
                [
                    0.0,
                    0.960826,
                    -0.277154,
                    5.8377
                ],
                [
                    -0.44315,
                    -0.248453,
                    -0.861329,
                    15.0632
                ],
                [
                    0.0,
                    0.0,
                    0.0,
                    1.0
                ]
            ]
        },
        {
            "file_path": "./train/r_2",
            "transform_matrix": [
                [
                    -0.918412,
                    0.109649,
                    0.380127,
                    -7.26038
                ],
                [
                    0.0,
                    0.960826,
                    -0.277154,
                    5.8377
                ],
                [
                    -0.395626,
                    -0.254541,
                    -0.882433,
                    15.4643
                ],
                [
                    0.0,
                    0.0,
                    0.0,
                    1.0
                ]
            ]
        },
        {
            "file_path": "./train/r_3",
            "transform_matrix": [
                [
                    -0.937859,
                    0.096177,
                    0.333423,
                    -6.44109
                ],
                [
                    0.0,
                    0.960826,
                    -0.277154,
                    5.8377
                ],
                [
                    -0.347018,
                    -0.259931,
                    -0.901118,
                    15.8231
                ],
                [
                    0.0,
                    0.0,
                    0.0,
                    1.0
                ]
            ]
        },
        {
            "file_path": "./train/r_4",
            "transform_matrix": [
                [
                    -0.954735,
                    0.0824415,
                    0.285805,
                    -5.60414
                ],
                [
                    0.0,
                    0.960826,
                    -0.277154,
                    5.8377
                ],
                [
                    -0.297459,
                    -0.264608,
                    -0.917333,
                    16.1385
                ],
                [
                    0.0,
                    0.0,
                    0.0,
                    1.0
                ]
            ]
        },
        {
            "file_path": "./train/r_5",
            "transform_matrix": [
                [
                    -0.968995,
                    0.06848,
                    0.237404,
                    -4.75184
                ],
                [
                    0.0,
                    0.960826,
                    -0.277154,
                    5.8377
                ],
                [
                    -0.247084,
                    -0.26856,
                    -0.931034,
                    16.4097
                ],
                [
                    0.0,
                    0.0,
                    0.0,
                    1.0
                ]
            ]
        },
        {
            "file_path": "./train/r_6",
            "transform_matrix": [
                [
                    -0.989514,
                    0.0400327,
                    0.138784,
                    -3.01053
                ],
                [
                    0.0,
                    0.960826,
                    -0.277154,
                    5.8377
                ],
                [
                    -0.144443,
                    -0.274247,
                    -0.950749,
                    16.8165
                ],
                [
                    0.0,
                    0.0,
                    0.0,
                    1.0
                ]
            ]
        },
        {
            "file_path": "./train/r_7",
            "transform_matrix": [
                [
                    -0.999191,
                    0.0111468,
                    0.0386434,
                    -1.23623
                ],
                [
                    0.0,
                    0.960826,
                    -0.277154,
                    5.8377
                ],
                [
                    -0.0402192,
                    -0.276929,
                    -0.960048,
                    17.0391
                ],
                [
                    0.0,
                    0.0,
                    0.0,
                    1.0
                ]
            ]
        },
        {
            "file_path": "./train/r_8",
            "transform_matrix": [
                [
                    -0.999927,
                    -0.00336182,
                    -0.0116546,
                    -0.342778
                ],
                [
                    0.0,
                    0.960826,
                    -0.277154,
                    5.8377
                ],
                [
                    0.0121295,
                    -0.277133,
                    -0.960754,
                    17.0804
                ],
                [
                    0.0,
                    0.0,
                    0.0,
                    1.0
                ]
            ]
        },
        {
            "file_path": "./train/r_9",
            "transform_matrix": [
                [
                    -0.997922,
                    -0.0178612,
                    -0.0619206,
                    0.551612
                ],
                [
                    0.0,
                    0.960826,
                    -0.277154,
                    5.8377
                ],
                [
                    0.064445,
                    -0.276577,
                    -0.958828,
                    17.075
                ],
                [
                    0.0,
                    0.0,
                    0.0,
                    1.0
                ]
            ]
        },
        {
            "file_path": "./train/r_10",
            "transform_matrix": [
                [
                    -0.993181,
                    -0.0323117,
                    -0.112017,
                    1.44449
                ],
                [
                    0.0,
                    0.960826,
                    -0.277154,
                    5.8377
                ],
                [
                    0.116584,
                    -0.275263,
                    -0.954273,
                    17.0227
                ],
                [
                    0.0,
                    0.0,
                    0.0,
                    1.0
                ]
            ]
        },
        {
            "file_path": "./train/r_11",
            "transform_matrix": [
                [
                    -0.985719,
                    -0.0466736,
                    -0.161806,
                    2.33341
                ],
                [
                    0.0,
                    0.960826,
                    -0.277154,
                    5.8377
                ],
                [
                    0.168403,
                    -0.273195,
                    -0.947103,
                    16.9238
                ],
                [
                    0.0,
                    0.0,
                    0.0,
                    1.0
                ]
            ]
        },
        {
            "file_path": "./train/r_12",
            "transform_matrix": [
                [
                    -0.975554,
                    -0.0609075,
                    -0.211152,
                    3.21593
                ],
                [
                    0.0,
                    0.960826,
                    -0.277154,
                    5.8377
                ],
                [
                    0.219761,
                    -0.270378,
                    -0.937336,
                    16.7785
                ],
                [
                    0.0,
                    0.0,
                    0.0,
                    1.0
                ]
            ]
        },
        {
            "file_path": "./train/r_13",
            "transform_matrix": [
                [
                    -0.962716,
                    -0.0749745,
                    -0.259919,
                    4.08964
                ],
                [
                    0.0,
                    0.960826,
                    -0.277154,
                    5.8377
                ],
                [
                    0.270516,
                    -0.26682,
                    -0.925001,
                    16.5871
                ],
                [
                    0.0,
                    0.0,
                    0.0,
                    1.0
                ]
            ]
        },
        {
            "file_path": "./train/r_14",
            "transform_matrix": [
                [
                    -0.947239,
                    -0.0888361,
                    -0.307974,
                    4.95214
                ],
                [
                    0.0,
                    0.960826,
                    -0.277154,
                    5.8377
                ],
                [
                    0.32053,
                    -0.26253,
                    -0.91013,
                    16.3504
                ],
                [
                    0.0,
                    0.0,
                    0.0,
                    1.0
                ]
            ]
        },
        {
            "file_path": "./train/r_15",
            "transform_matrix": [
                [
                    -0.929165,
                    -0.102454,
                    -0.355184,
                    5.80107
                ],
                [
                    0.0,
                    0.960826,
                    -0.277154,
                    5.8377
                ],
                [
                    0.369666,
                    -0.257521,
                    -0.892765,
                    16.0688
                ],
                [
                    0.0,
                    0.0,
                    0.0,
                    1.0
                ]
            ]
        },
        {
            "file_path": "./train/r_16",
            "transform_matrix": [
                [
                    -0.908545,
                    -0.115791,
                    -0.401421,
                    6.63409
                ],
                [
                    0.0,
                    0.960826,
                    -0.277154,
                    5.8377
                ],
                [
                    0.417788,
                    -0.251806,
                    -0.872952,
                    15.7432
                ],
                [
                    0.0,
                    0.0,
                    0.0,
                    1.0
                ]
            ]
        },
        {
            "file_path": "./train/r_17",
            "transform_matrix": [
                [
                    -0.859897,
                    -0.141478,
                    -0.49047,
                    8.24336
                ],
                [
                    0.0,
                    0.960826,
                    -0.277154,
                    5.8377
                ],
                [
                    0.510468,
                    -0.238323,
                    -0.82621,
                    14.9635
                ],
                [
                    0.0,
                    0.0,
                    0.0,
                    1.0
                ]
            ]
        },
        {
            "file_path": "./train/r_18",
            "transform_matrix": [
                [
                    -0.832003,
                    -0.153757,
                    -0.533039,
                    9.01519
                ],
                [
                    0.0,
                    0.960826,
                    -0.277154,
                    5.8377
                ],
                [
                    0.554772,
                    -0.230592,
                    -0.799409,
                    14.5115
                ],
                [
                    0.0,
                    0.0,
                    0.0,
                    1.0
                ]
            ]
        },
        {
            "file_path": "./train/r_19",
            "transform_matrix": [
                [
                    -0.769456,
                    -0.177018,
                    -0.61368,
                    10.4827
                ],
                [
                    0.0,
                    0.960826,
                    -0.277154,
                    5.8377
                ],
                [
                    0.638701,
                    -0.213257,
                    -0.739312,
                    13.4897
                ],
                [
                    0.0,
                    0.0,
                    0.0,
                    1.0
                ]
            ]
        },
        {
            "file_path": "./train/r_20",
            "transform_matrix": [
                [
                    -0.734974,
                    -0.187936,
                    -0.651531,
                    11.1743
                ],
                [
                    0.0,
                    0.960826,
                    -0.277154,
                    5.8377
                ],
                [
                    0.678096,
                    -0.2037,
                    -0.706181,
                    12.9226
                ],
                [
                    0.0,
                    0.0,
                    0.0,
                    1.0
                ]
            ]
        },
        {
            "file_path": "./train/r_21",
            "transform_matrix": [
                [
                    -0.698478,
                    -0.19834,
                    -0.687597,
                    11.8353
                ],
                [
                    0.0,
                    0.960826,
                    -0.277154,
                    5.8377
                ],
                [
                    0.715632,
                    -0.193585,
                    -0.671115,
                    12.3201
                ],
                [
                    0.0,
                    0.0,
                    0.0,
                    1.0
                ]
            ]
        },
        {
            "file_path": "./train/r_22",
            "transform_matrix": [
                [
                    -0.660068,
                    -0.208199,
                    -0.721778,
                    12.4639
                ],
                [
                    0.0,
                    0.960826,
                    -0.277154,
                    5.8377
                ],
                [
                    0.751207,
                    -0.18294,
                    -0.634209,
                    11.6838
                ],
                [
                    0.0,
                    0.0,
                    0.0,
                    1.0
                ]
            ]
        },
        {
            "file_path": "./train/r_23",
            "transform_matrix": [
                [
                    -0.619848,
                    -0.217488,
                    -0.753981,
                    13.0583
                ],
                [
                    0.0,
                    0.960826,
                    -0.277154,
                    5.8377
                ],
                [
                    0.784723,
                    -0.171793,
                    -0.595565,
                    11.0155
                ],
                [
                    0.0,
                    0.0,
                    0.0,
                    1.0
                ]
            ]
        },
        {
            "file_path": "./train/r_24",
            "transform_matrix": [
                [
                    -0.577929,
                    -0.226181,
                    -0.784117,
                    13.6169
                ],
                [
                    0.0,
                    0.960826,
                    -0.277154,
                    5.8377
                ],
                [
                    0.816088,
                    -0.160175,
                    -0.555288,
                    10.3169
                ],
                [
                    0.0,
                    0.0,
                    0.0,
                    1.0
                ]
            ]
        },
        {
            "file_path": "./train/r_25",
            "transform_matrix": [
                [
                    -0.534427,
                    -0.234254,
                    -0.812104,
                    14.1382
                ],
                [
                    0.0,
                    0.960826,
                    -0.277154,
                    5.8377
                ],
                [
                    0.845216,
                    -0.148118,
                    -0.51349,
                    9.59015
                ],
                [
                    0.0,
                    0.0,
                    0.0,
                    1.0
                ]
            ]
        },
        {
            "file_path": "./train/r_26",
            "transform_matrix": [
                [
                    -0.489459,
                    -0.241685,
                    -0.837865,
                    14.6207
                ],
                [
                    0.0,
                    0.960826,
                    -0.277154,
                    5.8377
                ],
                [
                    0.872027,
                    -0.135655,
                    -0.470284,
                    8.83707
                ],
                [
                    0.0,
                    0.0,
                    0.0,
                    1.0
                ]
            ]
        },
        {
            "file_path": "./train/r_27",
            "transform_matrix": [
                [
                    -0.395626,
                    -0.254541,
                    -0.882433,
                    15.4643
                ],
                [
                    0.0,
                    0.960826,
                    -0.277154,
                    5.8377
                ],
                [
                    0.918412,
                    -0.109649,
                    -0.380127,
                    7.26038
                ],
                [
                    0.0,
                    0.0,
                    0.0,
                    1.0
                ]
            ]
        },
        {
            "file_path": "./train/r_28",
            "transform_matrix": [
                [
                    -0.347018,
                    -0.259931,
                    -0.901118,
                    15.8231
                ],
                [
                    0.0,
                    0.960826,
                    -0.277154,
                    5.8377
                ],
                [
                    0.937859,
                    -0.096177,
                    -0.333423,
                    6.44109
                ],
                [
                    0.0,
                    0.0,
                    0.0,
                    1.0
                ]
            ]
        },
        {
            "file_path": "./train/r_29",
            "transform_matrix": [
                [
                    -0.247084,
                    -0.26856,
                    -0.931034,
                    16.4097
                ],
                [
                    0.0,
                    0.960826,
                    -0.277154,
                    5.8377
                ],
                [
                    0.968995,
                    -0.06848,
                    -0.237404,
                    4.75184
                ],
                [
                    0.0,
                    0.0,
                    0.0,
                    1.0
                ]
            ]
        },
        {
            "file_path": "./train/r_30",
            "transform_matrix": [
                [
                    -0.196032,
                    -0.271776,
                    -0.942183,
                    16.6359
                ],
                [
                    0.0,
                    0.960826,
                    -0.277154,
                    5.8377
                ],
                [
                    0.980598,
                    -0.0543308,
                    -0.188352,
                    3.88651
                ],
                [
                    0.0,
                    0.0,
                    0.0,
                    1.0
                ]
            ]
        },
        {
            "file_path": "./train/r_31",
            "transform_matrix": [
                [
                    -0.144443,
                    -0.274247,
                    -0.950749,
                    16.8165
                ],
                [
                    0.0,
                    0.960826,
                    -0.277154,
                    5.8377
                ],
                [
                    0.989514,
                    -0.0400327,
                    -0.138784,
                    3.01053
                ],
                [
                    0.0,
                    0.0,
                    0.0,
                    1.0
                ]
            ]
        },
        {
            "file_path": "./train/r_32",
            "transform_matrix": [
                [
                    -0.0924578,
                    -0.275966,
                    -0.956709,
                    16.951
                ],
                [
                    0.0,
                    0.960826,
                    -0.277154,
                    5.8377
                ],
                [
                    0.995717,
                    -0.0256249,
                    -0.0888354,
                    2.12629
                ],
                [
                    0.0,
                    0.0,
                    0.0,
                    1.0
                ]
            ]
        },
        {
            "file_path": "./train/r_33",
            "transform_matrix": [
                [
                    -0.0402193,
                    -0.276929,
                    -0.960048,
                    17.0391
                ],
                [
                    0.0,
                    0.960826,
                    -0.277154,
                    5.8377
                ],
                [
                    0.999191,
                    -0.0111468,
                    -0.0386434,
                    1.23623
                ],
                [
                    0.0,
                    0.0,
                    0.0,
                    1.0
                ]
            ]
        },
        {
            "file_path": "./train/r_34",
            "transform_matrix": [
                [
                    0.0121297,
                    -0.277133,
                    -0.960754,
                    17.0804
                ],
                [
                    0.0,
                    0.960826,
                    -0.277154,
                    5.8377
                ],
                [
                    0.999927,
                    0.00336185,
                    0.0116547,
                    0.342776
                ],
                [
                    0.0,
                    0.0,
                    0.0,
                    1.0
                ]
            ]
        },
        {
            "file_path": "./train/r_35",
            "transform_matrix": [
                [
                    0.0644451,
                    -0.276577,
                    -0.958828,
                    17.075
                ],
                [
                    0.0,
                    0.960826,
                    -0.277154,
                    5.8377
                ],
                [
                    0.997922,
                    0.0178612,
                    0.0619207,
                    -0.551614
                ],
                [
                    0.0,
                    0.0,
                    0.0,
                    1.0
                ]
            ]
        },
        {
            "file_path": "./train/r_36",
            "transform_matrix": [
                [
                    0.116584,
                    -0.275263,
                    -0.954273,
                    17.0227
                ],
                [
                    0.0,
                    0.960826,
                    -0.277154,
                    5.8377
                ],
                [
                    0.993181,
                    0.0323117,
                    0.112017,
                    -1.44449
                ],
                [
                    0.0,
                    0.0,
                    0.0,
                    1.0
                ]
            ]
        },
        {
            "file_path": "./train/r_37",
            "transform_matrix": [
                [
                    0.219761,
                    -0.270378,
                    -0.937336,
                    16.7785
                ],
                [
                    0.0,
                    0.960826,
                    -0.277154,
                    5.8377
                ],
                [
                    0.975554,
                    0.0609076,
                    0.211152,
                    -3.21594
                ],
                [
                    0.0,
                    0.0,
                    0.0,
                    1.0
                ]
            ]
        },
        {
            "file_path": "./train/r_38",
            "transform_matrix": [
                [
                    0.270516,
                    -0.26682,
                    -0.925001,
                    16.5871
                ],
                [
                    0.0,
                    0.960826,
                    -0.277154,
                    5.8377
                ],
                [
                    0.962716,
                    0.0749745,
                    0.259919,
                    -4.08964
                ],
                [
                    0.0,
                    0.0,
                    0.0,
                    1.0
                ]
            ]
        },
        {
            "file_path": "./train/r_39",
            "transform_matrix": [
                [
                    0.32053,
                    -0.26253,
                    -0.91013,
                    16.3504
                ],
                [
                    0.0,
                    0.960826,
                    -0.277154,
                    5.8377
                ],
                [
                    0.947239,
                    0.0888361,
                    0.307974,
                    -4.95214
                ],
                [
                    0.0,
                    0.0,
                    0.0,
                    1.0
                ]
            ]
        },
        {
            "file_path": "./train/r_40",
            "transform_matrix": [
                [
                    0.369666,
                    -0.257521,
                    -0.892765,
                    16.0688
                ],
                [
                    0.0,
                    0.960826,
                    -0.277154,
                    5.8377
                ],
                [
                    0.929165,
                    0.102454,
                    0.355184,
                    -5.80107
                ],
                [
                    0.0,
                    0.0,
                    0.0,
                    1.0
                ]
            ]
        },
        {
            "file_path": "./train/r_41",
            "transform_matrix": [
                [
                    0.417788,
                    -0.251806,
                    -0.872952,
                    15.7432
                ],
                [
                    0.0,
                    0.960826,
                    -0.277154,
                    5.8377
                ],
                [
                    0.908545,
                    0.115791,
                    0.401421,
                    -6.6341
                ],
                [
                    0.0,
                    0.0,
                    0.0,
                    1.0
                ]
            ]
        },
        {
            "file_path": "./train/r_42",
            "transform_matrix": [
                [
                    0.554772,
                    -0.230592,
                    -0.799409,
                    14.5115
                ],
                [
                    0.0,
                    0.960826,
                    -0.277154,
                    5.8377
                ],
                [
                    0.832003,
                    0.153757,
                    0.533039,
                    -9.01519
                ],
                [
                    0.0,
                    0.0,
                    0.0,
                    1.0
                ]
            ]
        },
        {
            "file_path": "./train/r_43",
            "transform_matrix": [
                [
                    0.597555,
                    -0.222229,
                    -0.770416,
                    14.0198
                ],
                [
                    0.0,
                    0.960826,
                    -0.277154,
                    5.8377
                ],
                [
                    0.801828,
                    0.165614,
                    0.574146,
                    -9.76231
                ],
                [
                    0.0,
                    0.0,
                    0.0,
                    1.0
                ]
            ]
        },
        {
            "file_path": "./train/r_44",
            "transform_matrix": [
                [
                    0.638701,
                    -0.213257,
                    -0.739312,
                    13.4897
                ],
                [
                    0.0,
                    0.960826,
                    -0.277154,
                    5.8377
                ],
                [
                    0.769456,
                    0.177018,
                    0.61368,
                    -10.4827
                ],
                [
                    0.0,
                    0.0,
                    0.0,
                    1.0
                ]
            ]
        },
        {
            "file_path": "./train/r_45",
            "transform_matrix": [
                [
                    0.678096,
                    -0.2037,
                    -0.706181,
                    12.9226
                ],
                [
                    0.0,
                    0.960826,
                    -0.277154,
                    5.8377
                ],
                [
                    0.734974,
                    0.187936,
                    0.651531,
                    -11.1743
                ],
                [
                    0.0,
                    0.0,
                    0.0,
                    1.0
                ]
            ]
        },
        {
            "file_path": "./train/r_46",
            "transform_matrix": [
                [
                    0.715632,
                    -0.193585,
                    -0.671115,
                    12.3201
                ],
                [
                    0.0,
                    0.960826,
                    -0.277154,
                    5.8377
                ],
                [
                    0.698478,
                    0.19834,
                    0.687597,
                    -11.8353
                ],
                [
                    0.0,
                    0.0,
                    0.0,
                    1.0
                ]
            ]
        },
        {
            "file_path": "./train/r_47",
            "transform_matrix": [
                [
                    0.751207,
                    -0.18294,
                    -0.634209,
                    11.6838
                ],
                [
                    0.0,
                    0.960826,
                    -0.277154,
                    5.8377
                ],
                [
                    0.660068,
                    0.208199,
                    0.721778,
                    -12.4639
                ],
                [
                    0.0,
                    0.0,
                    0.0,
                    1.0
                ]
            ]
        },
        {
            "file_path": "./train/r_48",
            "transform_matrix": [
                [
                    0.816088,
                    -0.160175,
                    -0.555288,
                    10.3169
                ],
                [
                    0.0,
                    0.960826,
                    -0.277154,
                    5.8377
                ],
                [
                    0.577929,
                    0.226181,
                    0.784117,
                    -13.6169
                ],
                [
                    0.0,
                    0.0,
                    0.0,
                    1.0
                ]
            ]
        },
        {
            "file_path": "./train/r_49",
            "transform_matrix": [
                [
                    0.845215,
                    -0.148118,
                    -0.51349,
                    9.59015
                ],
                [
                    0.0,
                    0.960826,
                    -0.277154,
                    5.8377
                ],
                [
                    0.534427,
                    0.234254,
                    0.812104,
                    -14.1382
                ],
                [
                    0.0,
                    0.0,
                    0.0,
                    1.0
                ]
            ]
        },
        {
            "file_path": "./train/r_50",
            "transform_matrix": [
                [
                    0.896448,
                    -0.12282,
                    -0.425789,
                    8.05977
                ],
                [
                    0.0,
                    0.960826,
                    -0.277154,
                    5.8377
                ],
                [
                    0.44315,
                    0.248453,
                    0.861329,
                    -15.0632
                ],
                [
                    0.0,
                    0.0,
                    0.0,
                    1.0
                ]
            ]
        },
        {
            "file_path": "./train/r_51",
            "transform_matrix": [
                [
                    0.918412,
                    -0.109649,
                    -0.380127,
                    7.26038
                ],
                [
                    0.0,
                    0.960826,
                    -0.277154,
                    5.8377
                ],
                [
                    0.395626,
                    0.254541,
                    0.882433,
                    -15.4643
                ],
                [
                    0.0,
                    0.0,
                    0.0,
                    1.0
                ]
            ]
        },
        {
            "file_path": "./train/r_52",
            "transform_matrix": [
                [
                    0.968995,
                    -0.06848,
                    -0.237404,
                    4.75184
                ],
                [
                    0.0,
                    0.960826,
                    -0.277154,
                    5.8377
                ],
                [
                    0.247084,
                    0.26856,
                    0.931034,
                    -16.4097
                ],
                [
                    0.0,
                    0.0,
                    0.0,
                    1.0
                ]
            ]
        },
        {
            "file_path": "./train/r_53",
            "transform_matrix": [
                [
                    0.980598,
                    -0.0543308,
                    -0.188352,
                    3.88651
                ],
                [
                    0.0,
                    0.960826,
                    -0.277154,
                    5.8377
                ],
                [
                    0.196032,
                    0.271776,
                    0.942183,
                    -16.6359
                ],
                [
                    0.0,
                    0.0,
                    0.0,
                    1.0
                ]
            ]
        },
        {
            "file_path": "./train/r_54",
