{
    "camera_angle_x": 1.0471975511965976,
    "frames": [
        {
            "file_path": "./train/r_0",
            "transform_matrix": [
                [
                    -0.996899,
                    -0.0333685,
                    -0.0712661,
                    1.58628
                ],
                [
                    0.0223133,
                    0.748604,
                    -0.662642,
                    15.9918
                ],
                [
                    0.0754615,
                    -0.662177,
                    -0.745538,
                    20.9922
                ],
                [
                    0.0,
                    0.0,
                    0.0,
                    1.0
                ]
            ]
        },
        {
            "file_path": "./train/r_1",
            "transform_matrix": [
                [
                    -0.991583,
                    -0.0679784,
                    -0.110187,
                    2.68276
                ],
                [
                    0.0223133,
                    0.748604,
                    -0.662642,
                    15.9918
                ],
                [
                    0.127532,
                    -0.659523,
                    -0.740786,
                    20.8805
                ],
                [
                    0.0,
                    0.0,
                    0.0,
                    1.0
                ]
            ]
        },
        {
            "file_path": "./train/r_2",
            "transform_matrix": [
                [
                    -0.98355,
                    -0.102402,
                    -0.148806,
                    3.77188
                ],
                [
                    0.0223133,
                    0.748604,
                    -0.662642,
                    15.9918
                ],
                [
                    0.179252,
                    -0.655062,
                    -0.734004,
                    20.7114
                ],
                [
                    0.0,
                    0.0,
                    0.0,
                    1.0
                ]
            ]
        },
        {
            "file_path": "./train/r_3",
            "transform_matrix": [
                [
                    -0.972821,
                    -0.136545,
                    -0.187017,
                    4.85066
                ],
                [
                    0.0223133,
                    0.748604,
                    -0.662642,
                    15.9918
                ],
                [
                    0.230482,
                    -0.648805,
                    -0.725211,
                    20.4857
                ],
                [
                    0.0,
                    0.0,
                    0.0,
                    1.0
                ]
            ]
        },
        {
            "file_path": "./train/r_4",
            "transform_matrix": [
                [
                    -0.959425,
                    -0.170314,
                    -0.224715,
                    5.91615
                ],
                [
                    0.0223133,
                    0.748604,
                    -0.662642,
                    15.9918
                ],
                [
                    0.281079,
                    -0.640769,
                    -0.714429,
                    20.2037
                ],
                [
                    0.0,
                    0.0,
                    0.0,
                    1.0
                ]
            ]
        },
        {
            "file_path": "./train/r_5",
            "transform_matrix": [
                [
                    -0.943399,
                    -0.203616,
                    -0.261797,
                    6.96542
                ],
                [
                    0.0223133,
                    0.748604,
                    -0.662642,
                    15.9918
                ],
                [
                    0.330907,
                    -0.630978,
                    -0.701689,
                    19.8664
                ],
                [
                    0.0,
                    0.0,
                    0.0,
                    1.0
                ]
            ]
        },
        {
            "file_path": "./train/r_6",
            "transform_matrix": [
                [
                    -0.924788,
                    -0.236359,
                    -0.298162,
                    7.9956
                ],
                [
                    0.0223133,
                    0.748604,
                    -0.662642,
                    15.9918
                ],
                [
                    0.379827,
                    -0.619456,
                    -0.687026,
                    19.4746
                ],
                [
                    0.0,
                    0.0,
                    0.0,
                    1.0
                ]
            ]
        },
        {
            "file_path": "./train/r_7",
            "transform_matrix": [
                [
                    -0.903642,
                    -0.268455,
                    -0.33371,
                    9.00387
                ],
                [
                    0.0223133,
                    0.748604,
                    -0.662642,
                    15.9918
                ],
                [
                    0.427706,
                    -0.606237,
                    -0.67048,
                    19.0295
                ],
                [
                    0.0,
                    0.0,
                    0.0,
                    1.0
                ]
            ]
        },
        {
            "file_path": "./train/r_8",
            "transform_matrix": [
                [
                    -0.880019,
                    -0.299815,
                    -0.368342,
                    9.98746
                ],
                [
                    0.0223133,
                    0.748604,
                    -0.662642,
                    15.9918
                ],
                [
                    0.474413,
                    -0.591357,
                    -0.652096,
                    18.5322
                ],
                [
                    0.0,
                    0.0,
                    0.0,
                    1.0
                ]
            ]
        },
        {
            "file_path": "./train/r_9",
            "transform_matrix": [
                [
                    -0.853985,
                    -0.330354,
                    -0.401966,
                    10.9437
                ],
                [
                    0.0223133,
                    0.748604,
                    -0.662642,
                    15.9918
                ],
                [
                    0.519819,
                    -0.574855,
                    -0.631925,
                    17.9841
                ],
                [
                    0.0,
                    0.0,
                    0.0,
                    1.0
                ]
            ]
        },
        {
            "file_path": "./train/r_10",
            "transform_matrix": [
                [
                    -0.825609,
                    -0.359986,
                    -0.434487,
                    11.8699
                ],
                [
                    0.0223133,
                    0.748604,
                    -0.662642,
                    15.9918
                ],
                [
                    0.563801,
                    -0.556778,
                    -0.610022,
                    17.3867
                ],
                [
                    0.0,
                    0.0,
                    0.0,
                    1.0
                ]
            ]
        },
        {
            "file_path": "./train/r_11",
            "transform_matrix": [
                [
                    -0.727246,
                    -0.442654,
                    -0.524566,
                    14.4436
                ],
                [
                    0.0223133,
                    0.748604,
                    -0.662642,
                    15.9918
                ],
                [
                    0.686013,
                    -0.493609,
                    -0.534543,
                    15.3158
                ],
                [
                    0.0,
                    0.0,
                    0.0,
                    1.0
                ]
            ]
        },
        {
            "file_path": "./train/r_12",
            "transform_matrix": [
                [
                    -0.690347,
                    -0.467881,
                    -0.551823,
                    15.2254
                ],
                [
                    0.0223133,
                    0.748604,
                    -0.662642,
                    15.9918
                ],
                [
                    0.723134,
                    -0.469766,
                    -0.506356,
                    14.5389
                ],
                [
                    0.0,
                    0.0,
                    0.0,
                    1.0
                ]
            ]
        },
        {
            "file_path": "./train/r_13",
            "transform_matrix": [
                [
                    -0.651555,
                    -0.491825,
                    -0.577568,
                    15.9654
                ],
                [
                    0.0223133,
                    0.748604,
                    -0.662642,
                    15.9918
                ],
                [
                    0.758273,
                    -0.444635,
                    -0.476782,
                    13.7221
                ],
                [
                    0.0,
                    0.0,
                    0.0,
                    1.0
                ]
            ]
        },
        {
            "file_path": "./train/r_14",
            "transform_matrix": [
                [
                    -0.610977,
                    -0.514421,
                    -0.601729,
                    16.6617
                ],
                [
                    0.0223133,
                    0.748604,
                    -0.662642,
                    15.9918
                ],
                [
                    0.791334,
                    -0.418285,
                    -0.445901,
                    12.8677
                ],
                [
                    0.0,
                    0.0,
                    0.0,
                    1.0
                ]
            ]
        },
        {
            "file_path": "./train/r_15",
            "transform_matrix": [
                [
                    -0.568724,
                    -0.535608,
                    -0.624241,
                    17.3123
                ],
                [
                    0.0223133,
                    0.748604,
                    -0.662642,
                    15.9918
                ],
                [
                    0.822225,
                    -0.390789,
                    -0.413798,
                    11.9781
                ],
                [
                    0.0,
                    0.0,
                    0.0,
                    1.0
                ]
            ]
        },
        {
            "file_path": "./train/r_16",
            "transform_matrix": [
                [
                    -0.524913,
                    -0.555326,
                    -0.645042,
                    17.9155
                ],
                [
                    0.0223133,
                    0.748604,
                    -0.662642,
                    15.9918
                ],
                [
                    0.850863,
                    -0.362222,
                    -0.380561,
                    11.0556
                ],
                [
                    0.0,
                    0.0,
                    0.0,
                    1.0
                ]
            ]
        },
        {
            "file_path": "./train/r_17",
            "transform_matrix": [
                [
                    -0.479663,
                    -0.573522,
                    -0.664075,
                    18.4695
                ],
                [
                    0.0223133,
                    0.748604,
                    -0.662642,
                    15.9918
                ],
                [
                    0.877169,
                    -0.332662,
                    -0.34628,
                    10.1028
                ],
                [
                    0.0,
                    0.0,
                    0.0,
                    1.0
                ]
            ]
        },
        {
            "file_path": "./train/r_18",
            "transform_matrix": [
                [
                    -0.433098,
                    -0.590146,
                    -0.681288,
                    18.973
                ],
                [
                    0.0223133,
                    0.748604,
                    -0.662642,
                    15.9918
                ],
                [
                    0.90107,
                    -0.302191,
                    -0.311051,
                    9.12236
                ],
                [
                    0.0,
                    0.0,
                    0.0,
                    1.0
                ]
            ]
        },
        {
            "file_path": "./train/r_19",
            "transform_matrix": [
                [
                    -0.385346,
                    -0.605153,
                    -0.696633,
                    19.4244
                ],
                [
                    0.0223133,
                    0.748604,
                    -0.662642,
                    15.9918
                ],
                [
                    0.922502,
                    -0.270891,
                    -0.274969,
                    8.11689
                ],
                [
                    0.0,
                    0.0,
                    0.0,
                    1.0
                ]
            ]
        },
        {
            "file_path": "./train/r_20",
            "transform_matrix": [
                [
                    -0.236291,
                    -0.640079,
                    -0.731071,
                    20.455
                ],
                [
                    0.0223133,
                    0.748604,
                    -0.662642,
                    15.9918
                ],
                [
                    0.971426,
                    -0.172889,
                    -0.162606,
                    4.97832
                ],
                [
                    0.0,
                    0.0,
                    0.0,
                    1.0
                ]
            ]
        },
        {
            "file_path": "./train/r_21",
            "transform_matrix": [
                [
                    -0.185126,
                    -0.64825,
                    -0.738579,
                    20.6875
                ],
                [
                    0.0223133,
                    0.748604,
                    -0.662642,
                    15.9918
                ],
                [
                    0.982461,
                    -0.139153,
                    -0.124122,
                    3.90096
                ],
                [
                    0.0,
                    0.0,
                    0.0,
                    1.0
                ]
            ]
        },
        {
            "file_path": "./train/r_22",
            "transform_matrix": [
                [
                    -0.133455,
                    -0.654645,
                    -0.744063,
                    20.8633
                ],
                [
                    0.0223133,
                    0.748604,
                    -0.662642,
                    15.9918
                ],
                [
                    0.990803,
                    -0.105035,
                    -0.0852973,
                    2.81292
                ],
                [
                    0.0,
                    0.0,
                    0.0,
                    1.0
                ]
            ]
        },
        {
            "file_path": "./train/r_23",
            "transform_matrix": [
                [
                    -0.0814169,
                    -0.659245,
                    -0.747508,
                    20.9819
                ],
                [
                    0.0223133,
                    0.748604,
                    -0.662642,
                    15.9918
                ],
                [
                    0.99643,
                    -0.0706297,
                    -0.0462391,
                    1.71716
                ],
                [
                    0.0,
                    0.0,
                    0.0,
                    1.0
                ]
            ]
        },
        {
            "file_path": "./train/r_24",
            "transform_matrix": [
                [
                    -0.0291562,
                    -0.662038,
                    -0.748903,
                    21.0431
                ],
                [
                    0.0223133,
                    0.748604,
                    -0.662642,
                    15.9918
                ],
                [
                    0.999326,
                    -0.0360307,
                    -0.00705425,
                    0.616695
                ],
                [
                    0.0,
                    0.0,
                    0.0,
                    1.0
                ]
            ]
        },
        {
            "file_path": "./train/r_25",
            "transform_matrix": [
                [
                    0.0231844,
                    -0.663016,
                    -0.748246,
                    21.0465
                ],
                [
                    0.0223133,
                    0.748604,
                    -0.662642,
                    15.9918
                ],
                [
                    0.999482,
                    -0.00133291,
                    0.03215,
                    -0.48546
                ],
                [
                    0.0,
                    0.0,
                    0.0,
                    1.0
                ]
            ]
        },
        {
            "file_path": "./train/r_26",
            "transform_matrix": [
                [
                    0.0754615,
                    -0.662177,
                    -0.745538,
                    20.9922
                ],
                [
                    0.0223133,
                    0.748604,
                    -0.662642,
                    15.9918
                ],
                [
                    0.996899,
                    0.0333685,
                    0.0712661,
                    -1.58628
                ],
                [
                    0.0,
                    0.0,
                    0.0,
                    1.0
                ]
            ]
        },
        {
            "file_path": "./train/r_27",
            "transform_matrix": [
                [
                    0.127532,
                    -0.659523,
                    -0.740786,
                    20.8805
                ],
                [
                    0.0223133,
                    0.748604,
                    -0.662642,
                    15.9918
                ],
                [
                    0.991583,
                    0.0679784,
                    0.110187,
                    -2.68276
                ],
                [
                    0.0,
                    0.0,
                    0.0,
                    1.0
                ]
            ]
        },
        {
            "file_path": "./train/r_28",
            "transform_matrix": [
                [
                    0.179252,
                    -0.655062,
                    -0.734004,
                    20.7114
                ],
                [
                    0.0223133,
                    0.748604,
                    -0.662642,
                    15.9918
                ],
                [
                    0.98355,
                    0.102402,
                    0.148806,
                    -3.77188
                ],
                [
                    0.0,
                    0.0,
                    0.0,
                    1.0
                ]
            ]
        },
        {
            "file_path": "./train/r_29",
            "transform_matrix": [
                [
                    0.230482,
                    -0.648805,
                    -0.725211,
                    20.4856
                ],
                [
                    0.0223133,
                    0.748604,
                    -0.662642,
                    15.9918
                ],
                [
                    0.972821,
                    0.136545,
                    0.187016,
                    -4.85066
                ],
                [
                    0.0,
                    0.0,
                    0.0,
                    1.0
                ]
            ]
        },
        {
            "file_path": "./train/r_30",
            "transform_matrix": [
                [
                    0.281079,
                    -0.640769,
                    -0.714429,
                    20.2037
                ],
                [
                    0.0223133,
                    0.748604,
                    -0.662642,
                    15.9918
                ],
                [
                    0.959425,
                    0.170314,
                    0.224715,
                    -5.91615
                ],
                [
                    0.0,
                    0.0,
                    0.0,
                    1.0
                ]
            ]
        },
        {
            "file_path": "./train/r_31",
            "transform_matrix": [
                [
                    0.427706,
                    -0.606237,
                    -0.67048,
                    19.0295
                ],
                [
                    0.0223133,
                    0.748604,
                    -0.662642,
                    15.9918
                ],
                [
                    0.903642,
                    0.268455,
                    0.33371,
                    -9.00387
                ],
                [
                    0.0,
                    0.0,
                    0.0,
                    1.0
                ]
            ]
        },
        {
            "file_path": "./train/r_32",
            "transform_matrix": [
                [
                    0.474413,
                    -0.591357,
                    -0.652096,
                    18.5322
                ],
                [
                    0.0223133,
                    0.748604,
                    -0.662642,
                    15.9918
                ],
                [
                    0.880019,
                    0.299815,
                    0.368342,
                    -9.98746
                ],
                [
                    0.0,
                    0.0,
                    0.0,
                    1.0
                ]
            ]
        },
        {
            "file_path": "./train/r_33",
            "transform_matrix": [
                [
                    0.519819,
                    -0.574855,
                    -0.631925,
                    17.9841
                ],
                [
                    0.0223133,
                    0.748604,
                    -0.662642,
                    15.9918
                ],
                [
                    0.853984,
                    0.330354,
                    0.401966,
                    -10.9437
                ],
                [
                    0.0,
                    0.0,
                    0.0,
                    1.0
                ]
            ]
        },
        {
            "file_path": "./train/r_34",
            "transform_matrix": [
                [
                    0.563801,
                    -0.556778,
                    -0.610022,
                    17.3867
                ],
                [
                    0.0223133,
                    0.748604,
                    -0.662642,
                    15.9918
                ],
                [
                    0.825609,
                    0.359987,
                    0.434487,
                    -11.8699
                ],
                [
                    0.0,
                    0.0,
                    0.0,
                    1.0
                ]
            ]
        },
        {
            "file_path": "./train/r_35",
            "transform_matrix": [
                [
                    0.606237,
                    -0.537175,
                    -0.586446,
                    16.7416
                ],
                [
                    0.0223133,
                    0.748604,
                    -0.662642,
                    15.9918
                ],
                [
                    0.79497,
                    0.388633,
                    0.465818,
                    -12.7636
                ],
                [
                    0.0,
                    0.0,
                    0.0,
                    1.0
                ]
            ]
        },
        {
            "file_path": "./train/r_36",
            "transform_matrix": [
                [
                    0.647012,
                    -0.516099,
                    -0.561264,
                    16.0507
                ],
                [
                    0.0223133,
                    0.748604,
                    -0.662642,
                    15.9918
                ],
                [
                    0.762153,
                    0.416214,
                    0.495872,
                    -13.6223
                ],
                [
                    0.0,
                    0.0,
                    0.0,
                    1.0
                ]
            ]
        },
        {
            "file_path": "./train/r_37",
            "transform_matrix": [
                [
                    0.686013,
                    -0.493609,
                    -0.534543,
                    15.3158
                ],
                [
                    0.0223133,
                    0.748604,
                    -0.662642,
                    15.9918
                ],
                [
                    0.727246,
                    0.442654,
                    0.524566,
                    -14.4436
                ],
                [
                    0.0,
                    0.0,
                    0.0,
                    1.0
                ]
            ]
        },
        {
            "file_path": "./train/r_38",
            "transform_matrix": [
                [
                    0.723134,
                    -0.469766,
                    -0.506356,
                    14.5388
                ],
                [
                    0.0223133,
                    0.748604,
                    -0.662642,
                    15.9918
                ],
                [
                    0.690347,
                    0.467881,
                    0.551823,
                    -15.2254
                ],
                [
                    0.0,
                    0.0,
                    0.0,
                    1.0
                ]
            ]
        },
        {
            "file_path": "./train/r_39",
            "transform_matrix": [
                [
                    0.758273,
                    -0.444635,
                    -0.476782,
                    13.7221
                ],
                [
                    0.0223133,
                    0.748604,
                    -0.662642,
                    15.9918
                ],
                [
                    0.651555,
                    0.491825,
                    0.577568,
                    -15.9654
                ],
                [
                    0.0,
                    0.0,
                    0.0,
                    1.0
                ]
            ]
        },
        {
            "file_path": "./train/r_40",
            "transform_matrix": [
                [
                    0.791334,
                    -0.418285,
                    -0.445901,
                    12.8677
                ],
                [
                    0.0223133,
                    0.748604,
                    -0.662642,
                    15.9918
                ],
                [
                    0.610977,
                    0.514421,
                    0.601729,
                    -16.6617
                ],
                [
                    0.0,
                    0.0,
                    0.0,
                    1.0
                ]
            ]
        },
        {
            "file_path": "./train/r_41",
            "transform_matrix": [
                [
                    0.822225,
                    -0.390789,
                    -0.413798,
                    11.9781
                ],
                [
                    0.0223133,
                    0.748604,
                    -0.662642,
                    15.9918
                ],
                [
                    0.568724,
                    0.535608,
                    0.624241,
                    -17.3123
                ],
                [
                    0.0,
                    0.0,
                    0.0,
                    1.0
                ]
            ]
        },
        {
            "file_path": "./train/r_42",
            "transform_matrix": [
                [
                    0.850863,
                    -0.362222,
                    -0.380561,
                    11.0556
                ],
                [
                    0.0223133,
                    0.748604,
                    -0.662642,
                    15.9918
                ],
                [
                    0.524913,
                    0.555326,
                    0.645042,
                    -17.9155
                ],
                [
                    0.0,
                    0.0,
                    0.0,
                    1.0
                ]
            ]
        },
        {
            "file_path": "./train/r_43",
            "transform_matrix": [
                [
                    0.922502,
                    -0.270891,
                    -0.274969,
                    8.11689
                ],
                [
                    0.0223133,
                    0.748604,
                    -0.662642,
                    15.9918
                ],
                [
                    0.385346,
                    0.605153,
                    0.696633,
                    -19.4244
                ],
                [
                    0.0,
                    0.0,
                    0.0,
                    1.0
                ]
            ]
        },
        {
            "file_path": "./train/r_44",
            "transform_matrix": [
                [
                    0.941405,
                    -0.238848,
                    -0.238133,
                    7.08917
                ],
                [
                    0.0223133,
                    0.748604,
                    -0.662642,
                    15.9918
                ],
                [
                    0.336538,
                    0.618501,
                    0.710069,
                    -19.8226
                ],
                [
                    0.0,
                    0.0,
                    0.0,
                    1.0
                ]
            ]
        },
        {
            "file_path": "./train/r_45",
            "transform_matrix": [
                [
                    0.957728,
                    -0.206151,
                    -0.200644,
                    6.04203
                ],
                [
                    0.0223133,
                    0.748604,
                    -0.662642,
                    15.9918
                ],
                [
                    0.286807,
                    0.630154,
                    0.721559,
                    -20.1664
                ],
                [
                    0.0,
                    0.0,
                    0.0,
                    1.0
                ]
            ]
        },
        {
            "file_path": "./train/r_46",
            "transform_matrix": [
                [
                    0.971426,
                    -0.172889,
                    -0.162606,
                    4.97832
                ],
                [
                    0.0223133,
                    0.748604,
                    -0.662642,
                    15.9918
                ],
                [
                    0.236291,
                    0.640079,
                    0.731071,
                    -20.455
                ],
                [
                    0.0,
                    0.0,
                    0.0,
                    1.0
                ]
            ]
        },
        {
            "file_path": "./train/r_47",
            "transform_matrix": [
                [
                    0.982461,
                    -0.139153,
                    -0.124122,
                    3.90096
                ],
                [
                    0.0223133,
                    0.748604,
                    -0.662642,
                    15.9918
                ],
                [
                    0.185126,
                    0.64825,
                    0.738579,
                    -20.6875
                ],
                [
                    0.0,
                    0.0,
                    0.0,
                    1.0
                ]
            ]
        },
        {
            "file_path": "./train/r_48",
            "transform_matrix": [
                [
                    0.990804,
                    -0.105035,
                    -0.0852973,
                    2.81291
                ],
                [
                    0.0223133,
                    0.748604,
                    -0.662642,
                    15.9918
                ],
                [
                    0.133454,
                    0.654645,
                    0.744063,
                    -20.8633
                ],
                [
                    0.0,
                    0.0,
                    0.0,
                    1.0
                ]
            ]
        },
        {
            "file_path": "./train/r_49",
            "transform_matrix": [
                [
                    0.99643,
                    -0.0706297,
                    -0.0462391,
                    1.71716
                ],
                [
                    0.0223133,
                    0.748604,
                    -0.662642,
                    15.9918
                ],
                [
                    0.0814169,
                    0.659245,
                    0.747508,
                    -20.9819
                ],
                [
                    0.0,
                    0.0,
                    0.0,
                    1.0
                ]
            ]
        },
        {
            "file_path": "./train/r_50",
            "transform_matrix": [
                [
                    0.999326,
                    -0.0360308,
                    -0.0070543,
                    0.616697
                ],
                [
                    0.0223133,
                    0.748604,
                    -0.662642,
                    15.9918
                ],
                [
                    0.0291563,
                    0.662038,
                    0.748903,
                    -21.0431
                ],
                [
                    0.0,
                    0.0,
                    0.0,
                    1.0
                ]
            ]
        },
        {
            "file_path": "./train/r_51",
            "transform_matrix": [
                [
                    0.996899,
                    0.0333685,
                    0.0712661,
                    -1.58628
                ],
                [
                    0.0223133,
                    0.748604,
                    -0.662642,
                    15.9918
                ],
                [
                    -0.0754615,
                    0.662177,
                    0.745538,
                    -20.9922
                ],
                [
                    0.0,
                    0.0,
                    0.0,
                    1.0
                ]
            ]
        },
        {
            "file_path": "./train/r_52",
            "transform_matrix": [
                [
                    0.98355,
                    0.102402,
                    0.148806,
                    -3.77188
                ],
                [
                    0.0223133,
                    0.748604,
                    -0.662642,
                    15.9918
                ],
                [
                    -0.179252,
                    0.655062,
                    0.734004,
                    -20.7114
                ],
                [
                    0.0,
                    0.0,
                    0.0,
                    1.0
                ]
            ]
        },
        {
            "file_path": "./train/r_53",
            "transform_matrix": [
                [
                    0.972821,
                    0.136545,
                    0.187017,
                    -4.85067
                ],
                [
                    0.0223133,
                    0.748604,
                    -0.662642,
                    15.9918
                ],
                [
