{
    "camera_angle_x": 1.0471975511965976,
    "frames": [
        {
            "file_path": "./train/r_0",
            "transform_matrix": [
                [
                    -0.989332,
                    -0.0452407,
                    0.138471,
                    -0.561711
                ],
                [
                    -0.0518487,
                    0.997664,
                    -0.0444907,
                    0.78869
                ],
                [
                    -0.136134,
                    -0.0511957,
                    -0.989367,
                    3.82439
                ],
                [
                    0.0,
                    0.0,
                    0.0,
                    1.0
                ]
            ]
        },
        {
            "file_path": "./train/r_1",
            "transform_matrix": [
                [
                    -0.985263,
                    -0.0973924,
                    0.14061,
                    -0.602218
                ],
                [
                    -0.103555,
                    0.993929,
                    -0.0371828,
                    0.758212
                ],
                [
                    -0.136134,
                    -0.0511957,
                    -0.989367,
                    3.82439
                ],
                [
                    0.0,
                    0.0,
                    0.0,
                    1.0
                ]
            ]
        },
        {
            "file_path": "./train/r_2",
            "transform_matrix": [
                [
                    -0.978493,
                    -0.149277,
                    0.142363,
                    -0.641074
                ],
                [
                    -0.154978,
                    0.987469,
                    -0.0297728,
                    0.725655
                ],
                [
                    -0.136134,
                    -0.0511957,
                    -0.989367,
                    3.82439
                ],
                [
                    0.0,
                    0.0,
                    0.0,
                    1.0
                ]
            ]
        },
        {
            "file_path": "./train/r_3",
            "transform_matrix": [
                [
                    -0.956933,
                    -0.251678,
                    0.144695,
                    -0.713414
                ],
                [
                    -0.256409,
                    0.966456,
                    -0.0147287,
                    0.654669
                ],
                [
                    -0.136134,
                    -0.0511957,
                    -0.989367,
                    3.82439
                ],
                [
                    0.0,
                    0.0,
                    0.0,
                    1.0
                ]
            ]
        },
        {
            "file_path": "./train/r_4",
            "transform_matrix": [
                [
                    -0.942202,
                    -0.301913,
                    0.145268,
                    -0.746699
                ],
                [
                    -0.30614,
                    0.95196,
                    -0.00713577,
                    0.616435
                ],
                [
                    -0.136134,
                    -0.0511957,
                    -0.989367,
                    3.82439
                ],
                [
                    0.0,
                    0.0,
                    0.0,
                    1.0
                ]
            ]
        },
        {
            "file_path": "./train/r_5",
            "transform_matrix": [
                [
                    -0.924889,
                    -0.351321,
                    0.145442,
                    -0.777937
                ],
                [
                    -0.355032,
                    0.934854,
                    0.000476745,
                    0.576511
                ],
                [
                    -0.136134,
                    -0.0511957,
                    -0.989367,
                    3.82439
                ],
                [
                    0.0,
                    0.0,
                    0.0,
                    1.0
                ]
            ]
        },
        {
            "file_path": "./train/r_6",
            "transform_matrix": [
                [
                    -0.90504,
                    -0.399766,
                    0.145218,
                    -0.807043
                ],
                [
                    -0.40295,
                    0.915186,
                    0.00808796,
                    0.535007
                ],
                [
                    -0.136134,
                    -0.0511957,
                    -0.989367,
                    3.82439
                ],
                [
                    0.0,
                    0.0,
                    0.0,
                    1.0
                ]
            ]
        },
        {
            "file_path": "./train/r_7",
            "transform_matrix": [
                [
                    -0.882711,
                    -0.447116,
                    0.144596,
                    -0.833937
                ],
                [
                    -0.449764,
                    0.89301,
                    0.015677,
                    0.492036
                ],
                [
                    -0.136134,
                    -0.0511957,
                    -0.989367,
                    3.82439
                ],
                [
                    0.0,
                    0.0,
                    0.0,
                    1.0
                ]
            ]
        },
        {
            "file_path": "./train/r_8",
            "transform_matrix": [
                [
                    -0.857963,
                    -0.493239,
                    0.143577,
                    -0.858546
                ],
                [
                    -0.495345,
                    0.868386,
                    0.0232231,
                    0.447717
                ],
                [
                    -0.136134,
                    -0.0511957,
                    -0.989367,
                    3.82439
                ],
                [
                    0.0,
                    0.0,
                    0.0,
                    1.0
                ]
            ]
        },
        {
            "file_path": "./train/r_9",
            "transform_matrix": [
                [
                    -0.830863,
                    -0.538011,
                    0.142165,
                    -0.880801
                ],
                [
                    -0.539568,
                    0.841382,
                    0.0307055,
                    0.40217
                ],
                [
                    -0.136134,
                    -0.0511957,
                    -0.989367,
                    3.82439
                ],
                [
                    0.0,
                    0.0,
                    0.0,
                    1.0
                ]
            ]
        },
        {
            "file_path": "./train/r_10",
            "transform_matrix": [
                [
                    -0.801485,
                    -0.581308,
                    0.140363,
                    -0.900642
                ],
                [
                    -0.582313,
                    0.812071,
                    0.0381037,
                    0.355522
                ],
                [
                    -0.136134,
                    -0.0511957,
                    -0.989367,
                    3.82439
                ],
                [
                    0.0,
                    0.0,
                    0.0,
                    1.0
                ]
            ]
        },
        {
            "file_path": "./train/r_11",
            "transform_matrix": [
                [
                    -0.769911,
                    -0.623012,
                    0.138177,
                    -0.918014
                ],
                [
                    -0.623461,
                    0.780535,
                    0.0453976,
                    0.307899
                ],
                [
                    -0.136134,
                    -0.0511957,
                    -0.989367,
                    3.82439
                ],
                [
                    0.0,
                    0.0,
                    0.0,
                    1.0
                ]
            ]
        },
        {
            "file_path": "./train/r_12",
            "transform_matrix": [
                [
                    -0.736226,
                    -0.663009,
                    0.135611,
                    -0.93287
                ],
                [
                    -0.662901,
                    0.746859,
                    0.052567,
                    0.259431
                ],
                [
                    -0.136134,
                    -0.0511957,
                    -0.989367,
                    3.82439
                ],
                [
                    0.0,
                    0.0,
                    0.0,
                    1.0
                ]
            ]
        },
        {
            "file_path": "./train/r_13",
            "transform_matrix": [
                [
                    -0.662901,
                    -0.737445,
                    0.129374,
                    -0.954878
                ],
                [
                    -0.736226,
                    0.673465,
                    0.0664542,
                    0.160499
                ],
                [
                    -0.136134,
                    -0.0511957,
                    -0.989367,
                    3.82439
                ],
                [
                    0.0,
                    0.0,
                    0.0,
                    1.0
                ]
            ]
        },
        {
            "file_path": "./train/r_14",
            "transform_matrix": [
                [
                    -0.623461,
                    -0.77168,
                    0.125718,
                    -0.961969
                ],
                [
                    -0.769911,
                    0.633947,
                    0.073134,
                    0.110304
                ],
                [
                    -0.136134,
                    -0.0511957,
                    -0.989367,
                    3.82439
                ],
                [
                    0.0,
                    0.0,
                    0.0,
                    1.0
                ]
            ]
        },
        {
            "file_path": "./train/r_15",
            "transform_matrix": [
                [
                    -0.539568,
                    -0.833718,
                    0.117385,
                    -0.968229
                ],
                [
                    -0.830862,
                    0.549811,
                    0.0858746,
                    0.00914706
                ],
                [
                    -0.136134,
                    -0.0511957,
                    -0.989367,
                    3.82439
                ],
                [
                    0.0,
                    0.0,
                    0.0,
                    1.0
                ]
            ]
        },
        {
            "file_path": "./train/r_16",
            "transform_matrix": [
                [
                    -0.495345,
                    -0.861351,
                    0.11273,
                    -0.967381
                ],
                [
                    -0.857963,
                    0.505424,
                    0.0919003,
                    -0.0415387
                ],
                [
                    -0.136134,
                    -0.0511957,
                    -0.989367,
                    3.82439
                ],
                [
                    0.0,
                    0.0,
                    0.0,
                    1.0
                ]
            ]
        },
        {
            "file_path": "./train/r_17",
            "transform_matrix": [
                [
                    -0.449764,
                    -0.886622,
                    0.107766,
                    -0.963881
                ],
                [
                    -0.882711,
                    0.459652,
                    0.0976742,
                    -0.0921105
                ],
                [
                    -0.136134,
                    -0.0511957,
                    -0.989367,
                    3.82439
                ],
                [
                    0.0,
                    0.0,
                    0.0,
                    1.0
                ]
            ]
        },
        {
            "file_path": "./train/r_18",
            "transform_matrix": [
                [
                    -0.40295,
                    -0.909464,
                    0.102506,
                    -0.957739
                ],
                [
                    -0.90504,
                    0.41262,
                    0.10318,
                    -0.14243
                ],
                [
                    -0.136134,
                    -0.0511957,
                    -0.989367,
                    3.82439
                ],
                [
                    0.0,
                    0.0,
                    0.0,
                    1.0
                ]
            ]
        },
        {
            "file_path": "./train/r_19",
            "transform_matrix": [
                [
                    -0.30614,
                    -0.947612,
                    0.0911593,
                    -0.937605
                ],
                [
                    -0.942202,
                    0.315295,
                    0.11333,
                    -0.241761
                ],
                [
                    -0.136134,
                    -0.0511957,
                    -0.989367,
                    3.82439
                ],
                [
                    0.0,
                    0.0,
                    0.0,
                    1.0
                ]
            ]
        },
        {
            "file_path": "./train/r_20",
            "transform_matrix": [
                [
                    -0.256409,
                    -0.962815,
                    0.0851032,
                    -0.923667
                ],
                [
                    -0.956933,
                    0.265269,
                    0.117946,
                    -0.2905
                ],
                [
                    -0.136134,
                    -0.0511957,
                    -0.989367,
                    3.82439
                ],
                [
                    0.0,
                    0.0,
                    0.0,
                    1.0
                ]
            ]
        },
        {
            "file_path": "./train/r_21",
            "transform_matrix": [
                [
                    -0.205976,
                    -0.975378,
                    0.0788137,
                    -0.907198
                ],
                [
                    -0.969041,
                    0.214515,
                    0.122238,
                    -0.338443
                ],
                [
                    -0.136134,
                    -0.0511957,
                    -0.989367,
                    3.82439
                ],
                [
                    0.0,
                    0.0,
                    0.0,
                    1.0
                ]
            ]
        },
        {
            "file_path": "./train/r_22",
            "transform_matrix": [
                [
                    -0.154978,
                    -0.985268,
                    0.0723083,
                    -0.888242
                ],
                [
                    -0.978493,
                    0.163174,
                    0.126195,
                    -0.385458
                ],
                [
                    -0.136134,
                    -0.0511957,
                    -0.989367,
                    3.82439
                ],
                [
                    0.0,
                    0.0,
                    0.0,
                    1.0
                ]
            ]
        },
        {
            "file_path": "./train/r_23",
            "transform_matrix": [
                [
                    -0.103555,
                    -0.992458,
                    0.0656047,
                    -0.866851
                ],
                [
                    -0.985263,
                    0.111385,
                    0.129807,
                    -0.431417
                ],
                [
                    -0.136134,
                    -0.0511957,
                    -0.989367,
                    3.82439
                ],
                [
                    0.0,
                    0.0,
                    0.0,
                    1.0
                ]
            ]
        },
        {
            "file_path": "./train/r_24",
            "transform_matrix": [
                [
                    -0.0518487,
                    -0.996927,
                    0.0587212,
                    -0.843084
                ],
                [
                    -0.989332,
                    0.0592914,
                    0.133062,
                    -0.476193
                ],
                [
                    -0.136134,
                    -0.0511957,
                    -0.989367,
                    3.82439
                ],
                [
                    0.0,
                    0.0,
                    0.0,
                    1.0
                ]
            ]
        },
        {
            "file_path": "./train/r_25",
            "transform_matrix": [
                [
                    0.0518487,
                    -0.997663,
                    0.0444907,
                    -0.78869
                ],
                [
                    -0.989332,
                    -0.0452407,
                    0.138471,
                    -0.561711
                ],
                [
                    -0.136134,
                    -0.0511957,
                    -0.989367,
                    3.82439
                ],
                [
                    0.0,
                    0.0,
                    0.0,
                    1.0
                ]
            ]
        },
        {
            "file_path": "./train/r_26",
            "transform_matrix": [
                [
                    0.103555,
                    -0.993929,
                    0.0371827,
                    -0.758212
                ],
                [
                    -0.985263,
                    -0.0973924,
                    0.14061,
                    -0.602218
                ],
                [
                    -0.136134,
                    -0.0511957,
                    -0.989367,
                    3.82439
                ],
                [
                    0.0,
                    0.0,
                    0.0,
                    1.0
                ]
            ]
        },
        {
            "file_path": "./train/r_27",
            "transform_matrix": [
                [
                    0.154978,
                    -0.987469,
                    0.0297728,
                    -0.725655
                ],
                [
                    -0.978493,
                    -0.149277,
                    0.142363,
                    -0.641074
                ],
                [
                    -0.136134,
                    -0.0511957,
                    -0.989367,
                    3.82439
                ],
                [
                    0.0,
                    0.0,
                    0.0,
                    1.0
                ]
            ]
        },
        {
            "file_path": "./train/r_28",
            "transform_matrix": [
                [
                    0.205976,
                    -0.978303,
                    0.0222813,
                    -0.691109
                ],
                [
                    -0.969041,
                    -0.200753,
                    0.143726,
                    -0.678173
                ],
                [
                    -0.136134,
                    -0.0511957,
                    -0.989367,
                    3.82439
                ],
                [
                    0.0,
                    0.0,
                    0.0,
                    1.0
                ]
            ]
        },
        {
            "file_path": "./train/r_29",
            "transform_matrix": [
                [
                    0.256409,
                    -0.966456,
                    0.0147287,
                    -0.654669
                ],
                [
                    -0.956933,
                    -0.251678,
                    0.144695,
                    -0.713414
                ],
                [
                    -0.136134,
                    -0.0511957,
                    -0.989367,
                    3.82439
                ],
                [
                    0.0,
                    0.0,
                    0.0,
                    1.0
                ]
            ]
        },
        {
            "file_path": "./train/r_30",
            "transform_matrix": [
                [
                    0.30614,
                    -0.95196,
                    0.00713577,
                    -0.616435
                ],
                [
                    -0.942202,
                    -0.301913,
                    0.145268,
                    -0.746699
                ],
                [
                    -0.136134,
                    -0.0511957,
                    -0.989367,
                    3.82439
                ],
                [
                    0.0,
                    0.0,
                    0.0,
                    1.0
                ]
            ]
        },
        {
            "file_path": "./train/r_31",
            "transform_matrix": [
                [
                    0.355032,
                    -0.934854,
                    -0.000476749,
                    -0.576511
                ],
                [
                    -0.924889,
                    -0.351321,
                    0.145442,
                    -0.777937
                ],
                [
                    -0.136134,
                    -0.0511957,
                    -0.989367,
                    3.82439
                ],
                [
                    0.0,
                    0.0,
                    0.0,
                    1.0
                ]
            ]
        },
        {
            "file_path": "./train/r_32",
            "transform_matrix": [
                [
                    0.40295,
                    -0.915186,
                    -0.00808795,
                    -0.535007
                ],
                [
                    -0.90504,
                    -0.399766,
                    0.145218,
                    -0.807043
                ],
                [
                    -0.136134,
                    -0.0511957,
                    -0.989367,
                    3.82439
                ],
                [
                    0.0,
                    0.0,
                    0.0,
                    1.0
                ]
            ]
        },
        {
            "file_path": "./train/r_33",
            "transform_matrix": [
                [
                    0.449764,
                    -0.89301,
                    -0.015677,
                    -0.492036
                ],
                [
                    -0.882711,
                    -0.447116,
                    0.144596,
                    -0.833937
                ],
                [
                    -0.136134,
                    -0.0511957,
                    -0.989367,
                    3.82439
                ],
                [
                    0.0,
                    0.0,
                    0.0,
                    1.0
                ]
            ]
        },
        {
            "file_path": "./train/r_34",
            "transform_matrix": [
                [
                    0.582313,
                    -0.812071,
                    -0.0381038,
                    -0.355522
                ],
                [
                    -0.801485,
                    -0.581308,
                    0.140363,
                    -0.900642
                ],
                [
                    -0.136134,
                    -0.0511957,
                    -0.989367,
                    3.82439
                ],
                [
                    0.0,
                    0.0,
                    0.0,
                    1.0
                ]
            ]
        },
        {
            "file_path": "./train/r_35",
            "transform_matrix": [
                [
                    0.623461,
                    -0.780535,
                    -0.0453976,
                    -0.307899
                ],
                [
                    -0.769911,
                    -0.623012,
                    0.138177,
                    -0.918014
                ],
                [
                    -0.136134,
                    -0.0511957,
                    -0.989367,
                    3.82439
                ],
                [
                    0.0,
                    0.0,
                    0.0,
                    1.0
                ]
            ]
        },
        {
            "file_path": "./train/r_36",
            "transform_matrix": [
                [
                    0.662901,
                    -0.746859,
                    -0.052567,
                    -0.259431
                ],
                [
                    -0.736226,
                    -0.663009,
                    0.135611,
                    -0.93287
                ],
                [
                    -0.136134,
                    -0.0511957,
                    -0.989367,
                    3.82439
                ],
                [
                    0.0,
                    0.0,
                    0.0,
                    1.0
                ]
            ]
        },
        {
            "file_path": "./train/r_37",
            "transform_matrix": [
                [
                    0.700524,
                    -0.711137,
                    -0.0595923,
                    -0.210253
                ],
                [
                    -0.700524,
                    -0.701188,
                    0.132674,
                    -0.945169
                ],
                [
                    -0.136134,
                    -0.0511957,
                    -0.989367,
                    3.82439
                ],
                [
                    0.0,
                    0.0,
                    0.0,
                    1.0
                ]
            ]
        },
        {
            "file_path": "./train/r_38",
            "transform_matrix": [
                [
                    0.736226,
                    -0.673465,
                    -0.0664542,
                    -0.160499
                ],
                [
                    -0.662901,
                    -0.737445,
                    0.129374,
                    -0.954878
                ],
                [
                    -0.136134,
                    -0.0511957,
                    -0.989367,
                    3.82439
                ],
                [
                    0.0,
                    0.0,
                    0.0,
                    1.0
                ]
            ]
        },
        {
            "file_path": "./train/r_39",
            "transform_matrix": [
                [
                    0.769911,
                    -0.633947,
                    -0.073134,
                    -0.110304
                ],
                [
                    -0.623461,
                    -0.77168,
                    0.125718,
                    -0.961969
                ],
                [
                    -0.136134,
                    -0.0511957,
                    -0.989367,
                    3.82439
                ],
                [
                    0.0,
                    0.0,
                    0.0,
                    1.0
                ]
            ]
        },
        {
            "file_path": "./train/r_40",
            "transform_matrix": [
                [
                    0.830863,
                    -0.549811,
                    -0.0858746,
                    -0.009147
                ],
                [
                    -0.539568,
                    -0.833719,
                    0.117385,
                    -0.968229
                ],
                [
                    -0.136134,
                    -0.0511957,
                    -0.989367,
                    3.82439
                ],
                [
                    0.0,
                    0.0,
                    0.0,
                    1.0
                ]
            ]
        },
        {
            "file_path": "./train/r_41",
            "transform_matrix": [
                [
                    0.857963,
                    -0.505424,
                    -0.0919003,
                    0.0415387
                ],
                [
                    -0.495345,
                    -0.861351,
                    0.11273,
                    -0.967381
                ],
                [
                    -0.136134,
                    -0.0511957,
                    -0.989367,
                    3.82439
                ],
                [
                    0.0,
                    0.0,
                    0.0,
                    1.0
                ]
            ]
        },
        {
            "file_path": "./train/r_42",
            "transform_matrix": [
                [
                    0.882711,
                    -0.459652,
                    -0.0976742,
                    0.0921105
                ],
                [
                    -0.449764,
                    -0.886622,
                    0.107766,
                    -0.963881
                ],
                [
                    -0.136134,
                    -0.0511957,
                    -0.989367,
                    3.82439
                ],
                [
                    0.0,
                    0.0,
                    0.0,
                    1.0
                ]
            ]
        },
        {
            "file_path": "./train/r_43",
            "transform_matrix": [
                [
                    0.90504,
                    -0.41262,
                    -0.10318,
                    0.14243
                ],
                [
                    -0.40295,
                    -0.909464,
                    0.102506,
                    -0.957739
                ],
                [
                    -0.136134,
                    -0.0511957,
                    -0.989367,
                    3.82439
                ],
                [
                    0.0,
                    0.0,
                    0.0,
                    1.0
                ]
            ]
        },
        {
            "file_path": "./train/r_44",
            "transform_matrix": [
                [
                    0.942202,
                    -0.315295,
                    -0.11333,
                    0.241761
                ],
                [
                    -0.30614,
                    -0.947612,
                    0.0911593,
                    -0.937605
                ],
                [
                    -0.136134,
                    -0.0511957,
                    -0.989367,
                    3.82439
                ],
                [
                    0.0,
                    0.0,
                    0.0,
                    1.0
                ]
            ]
        },
        {
            "file_path": "./train/r_45",
            "transform_matrix": [
                [
                    0.956933,
                    -0.265269,
                    -0.117946,
                    0.2905
                ],
                [
                    -0.256409,
                    -0.962815,
                    0.0851032,
                    -0.923667
                ],
                [
                    -0.136134,
                    -0.0511957,
                    -0.989367,
                    3.82439
                ],
                [
                    0.0,
                    0.0,
                    0.0,
                    1.0
                ]
            ]
        },
        {
            "file_path": "./train/r_46",
            "transform_matrix": [
                [
                    0.978493,
                    -0.163174,
                    -0.126195,
                    0.385458
                ],
                [
                    -0.154978,
                    -0.985268,
                    0.0723083,
                    -0.888242
                ],
                [
                    -0.136134,
                    -0.0511957,
                    -0.989367,
                    3.82439
                ],
                [
                    0.0,
                    0.0,
                    0.0,
                    1.0
                ]
            ]
        },
        {
            "file_path": "./train/r_47",
            "transform_matrix": [
                [
                    0.985263,
                    -0.111385,
                    -0.129807,
                    0.431417
                ],
                [
                    -0.103555,
                    -0.992458,
                    0.0656047,
                    -0.866851
                ],
                [
                    -0.136134,
                    -0.0511957,
                    -0.989367,
                    3.82439
                ],
                [
                    0.0,
                    0.0,
                    0.0,
                    1.0
                ]
            ]
        },
        {
            "file_path": "./train/r_48",
            "transform_matrix": [
                [
                    0.989332,
                    -0.0592915,
                    -0.133062,
                    0.476193
                ],
                [
                    -0.0518488,
                    -0.996927,
                    0.0587212,
                    -0.843085
                ],
                [
                    -0.136134,
                    -0.0511957,
                    -0.989367,
                    3.82439
                ],
                [
                    0.0,
                    0.0,
                    0.0,
                    1.0
                ]
            ]
        },
        {
            "file_path": "./train/r_49",
            "transform_matrix": [
                [
                    0.99069,
                    -0.00703491,
                    -0.135953,
                    0.519664
                ],
                [
                    8.56688e-08,
                    -0.998664,
                    0.0516768,
                    -0.817007
                ],
                [
                    -0.136134,
                    -0.0511957,
                    -0.989367,
                    3.82439
                ],
                [
                    0.0,
                    0.0,
                    0.0,
                    1.0
                ]
            ]
        },
        {
            "file_path": "./train/r_50",
            "transform_matrix": [
                [
                    0.989332,
                    0.0452407,
                    -0.138471,
                    0.561711
                ],
                [
                    0.0518487,
                    -0.997664,
                    0.0444907,
                    -0.78869
                ],
                [
                    -0.136134,
                    -0.0511957,
                    -0.989367,
                    3.82439
                ],
                [
                    0.0,
                    0.0,
                    0.0,
                    1.0
                ]
            ]
        },
        {
            "file_path": "./train/r_51",
            "transform_matrix": [
                [
                    0.985263,
                    0.0973923,
                    -0.14061,
                    0.602218
                ],
                [
                    0.103555,
                    -0.993929,
                    0.0371828,
                    -0.758212
                ],
                [
                    -0.136134,
                    -0.0511957,
                    -0.989367,
                    3.82439
                ],
                [
                    0.0,
                    0.0,
                    0.0,
                    1.0
                ]
            ]
        },
        {
            "file_path": "./train/r_52",
            "transform_matrix": [
                [
                    0.978493,
                    0.149277,
                    -0.142363,
                    0.641074
                ],
                [
                    0.154978,
                    -0.987469,
                    0.0297729,
                    -0.725655
                ],
                [
                    -0.136134,
                    -0.0511957,
                    -0.989367,
                    3.82439
                ],
                [
                    0.0,
                    0.0,
                    0.0,
                    1.0
                ]
            ]
        },
        {
            "file_path": "./train/r_53",
            "transform_matrix": [
                [
                    0.969041,
                    0.200753,
