{
    "camera_angle_x": 0.5235987755982988,
    "frames": [
        {
            "file_path": "./train/r_0",
            "transform_matrix": [
                [
                    -0.999974,
                    0.000285894,
                    0.00726553,
                    -0.00541374
                ],
                [
                    -3.93797e-10,
                    0.999227,
                    -0.039319,
                    0.211582
                ],
                [
                    -0.00727115,
                    -0.0393179,
                    -0.9992,
                    1.1656
                ],
                [
                    0.0,
                    0.0,
                    0.0,
                    1.0
                ]
            ]
        },
        {
            "file_path": "./train/r_1",
            "transform_matrix": [
                [
                    -0.998604,
                    -0.05201,
                    0.00931337,
                    -0.0164797
                ],
                [
                    -0.0523346,
                    0.997873,
                    -0.0388849,
                    0.211009
                ],
                [
                    -0.00727115,
                    -0.0393179,
                    -0.9992,
                    1.1656
                ],
                [
                    0.0,
                    0.0,
                    0.0,
                    1.0
                ]
            ]
        },
        {
            "file_path": "./train/r_2",
            "transform_matrix": [
                [
                    -0.994496,
                    -0.104163,
                    0.0113357,
                    -0.0275004
                ],
                [
                    -0.104526,
                    0.993783,
                    -0.0383442,
                    0.209857
                ],
                [
                    -0.00727115,
                    -0.0393179,
                    -0.9992,
                    1.1656
                ],
                [
                    0.0,
                    0.0,
                    0.0,
                    1.0
                ]
            ]
        },
        {
            "file_path": "./train/r_3",
            "transform_matrix": [
                [
                    -0.987663,
                    -0.156031,
                    0.0133269,
                    -0.0384458
                ],
                [
                    -0.15643,
                    0.98697,
                    -0.0376983,
                    0.20813
                ],
                [
                    -0.00727115,
                    -0.0393179,
                    -0.9992,
                    1.1656
                ],
                [
                    0.0,
                    0.0,
                    0.0,
                    1.0
                ]
            ]
        },
        {
            "file_path": "./train/r_4",
            "transform_matrix": [
                [
                    -0.978122,
                    -0.207471,
                    0.0152816,
                    -0.0492858
                ],
                [
                    -0.207906,
                    0.977451,
                    -0.0369492,
                    0.205833
                ],
                [
                    -0.00727115,
                    -0.0393179,
                    -0.9992,
                    1.1656
                ],
                [
                    0.0,
                    0.0,
                    0.0,
                    1.0
                ]
            ]
        },
        {
            "file_path": "./train/r_5",
            "transform_matrix": [
                [
                    -0.965901,
                    -0.258343,
                    0.0171945,
                    -0.0599907
                ],
                [
                    -0.258812,
                    0.965253,
                    -0.0360988,
                    0.202971
                ],
                [
                    -0.00727115,
                    -0.0393179,
                    -0.9992,
                    1.1656
                ],
                [
                    0.0,
                    0.0,
                    0.0,
                    1.0
                ]
            ]
        },
        {
            "file_path": "./train/r_6",
            "transform_matrix": [
                [
                    -0.951032,
                    -0.308506,
                    0.0190602,
                    -0.0705312
                ],
                [
                    -0.309009,
                    0.95041,
                    -0.0351494,
                    0.199554
                ],
                [
                    -0.00727115,
                    -0.0393179,
                    -0.9992,
                    1.1656
                ],
                [
                    0.0,
                    0.0,
                    0.0,
                    1.0
                ]
            ]
        },
        {
            "file_path": "./train/r_7",
            "transform_matrix": [
                [
                    -0.933556,
                    -0.357824,
                    0.0208736,
                    -0.0808784
                ],
                [
                    -0.358359,
                    0.932961,
                    -0.0341037,
                    0.195589
                ],
                [
                    -0.00727115,
                    -0.0393179,
                    -0.9992,
                    1.1656
                ],
                [
                    0.0,
                    0.0,
                    0.0,
                    1.0
                ]
            ]
        },
        {
            "file_path": "./train/r_8",
            "transform_matrix": [
                [
                    -0.913522,
                    -0.406161,
                    0.0226299,
                    -0.0910038
                ],
                [
                    -0.406726,
                    0.912956,
                    -0.0329645,
                    0.191088
                ],
                [
                    -0.00727115,
                    -0.0393179,
                    -0.9992,
                    1.1656
                ],
                [
                    0.0,
                    0.0,
                    0.0,
                    1.0
                ]
            ]
        },
        {
            "file_path": "./train/r_9",
            "transform_matrix": [
                [
                    -0.890983,
                    -0.453385,
                    0.0243241,
                    -0.10088
                ],
                [
                    -0.453979,
                    0.890448,
                    -0.031735,
                    0.186063
                ],
                [
                    -0.00727115,
                    -0.0393179,
                    -0.9992,
                    1.1656
                ],
                [
                    0.0,
                    0.0,
                    0.0,
                    1.0
                ]
            ]
        },
        {
            "file_path": "./train/r_10",
            "transform_matrix": [
                [
                    -0.866003,
                    -0.499366,
                    0.0259516,
                    -0.110479
                ],
                [
                    -0.499987,
                    0.865499,
                    -0.0304185,
                    0.180529
                ],
                [
                    -0.00727115,
                    -0.0393179,
                    -0.9992,
                    1.1656
                ],
                [
                    0.0,
                    0.0,
                    0.0,
                    1.0
                ]
            ]
        },
        {
            "file_path": "./train/r_11",
            "transform_matrix": [
                [
                    -0.838649,
                    -0.543978,
                    0.027508,
                    -0.119776
                ],
                [
                    -0.544625,
                    0.838178,
                    -0.0290186,
                    0.174499
                ],
                [
                    -0.00727115,
                    -0.0393179,
                    -0.9992,
                    1.1656
                ],
                [
                    0.0,
                    0.0,
                    0.0,
                    1.0
                ]
            ]
        },
        {
            "file_path": "./train/r_12",
            "transform_matrix": [
                [
                    -0.808996,
                    -0.5871,
                    0.0289891,
                    -0.128745
                ],
                [
                    -0.58777,
                    0.80856,
                    -0.0275392,
                    0.167991
                ],
                [
                    -0.00727115,
                    -0.0393179,
                    -0.9992,
                    1.1656
                ],
                [
                    0.0,
                    0.0,
                    0.0,
                    1.0
                ]
            ]
        },
        {
            "file_path": "./train/r_13",
            "transform_matrix": [
                [
                    -0.777126,
                    -0.628612,
                    0.0303906,
                    -0.13736
                ],
                [
                    -0.629304,
                    0.776725,
                    -0.0259843,
                    0.161023
                ],
                [
                    -0.00727115,
                    -0.0393179,
                    -0.9992,
                    1.1656
                ],
                [
                    0.0,
                    0.0,
                    0.0,
                    1.0
                ]
            ]
        },
        {
            "file_path": "./train/r_14",
            "transform_matrix": [
                [
                    -0.743125,
                    -0.668401,
                    0.0317089,
                    -0.145599
                ],
                [
                    -0.669113,
                    0.742762,
                    -0.0243581,
                    0.153614
                ],
                [
                    -0.00727115,
                    -0.0393179,
                    -0.9992,
                    1.1656
                ],
                [
                    0.0,
                    0.0,
                    0.0,
                    1.0
                ]
            ]
        },
        {
            "file_path": "./train/r_15",
            "transform_matrix": [
                [
                    -0.707088,
                    -0.706358,
                    0.0329402,
                    -0.153439
                ],
                [
                    -0.707088,
                    0.706762,
                    -0.0226652,
                    0.145783
                ],
                [
                    -0.00727115,
                    -0.0393179,
                    -0.9992,
                    1.1656
                ],
                [
                    0.0,
                    0.0,
                    0.0,
                    1.0
                ]
            ]
        },
        {
            "file_path": "./train/r_16",
            "transform_matrix": [
                [
                    -0.669113,
                    -0.742379,
                    0.0340813,
                    -0.160859
                ],
                [
                    -0.743125,
                    0.668826,
                    -0.0209102,
                    0.137553
                ],
                [
                    -0.00727115,
                    -0.0393179,
                    -0.9992,
                    1.1656
                ],
                [
                    0.0,
                    0.0,
                    0.0,
                    1.0
                ]
            ]
        },
        {
            "file_path": "./train/r_17",
            "transform_matrix": [
                [
                    -0.629304,
                    -0.776365,
                    0.0351289,
                    -0.167837
                ],
                [
                    -0.777126,
                    0.629056,
                    -0.0190979,
                    0.128946
                ],
                [
                    -0.00727115,
                    -0.0393179,
                    -0.9992,
                    1.1656
                ],
                [
                    0.0,
                    0.0,
                    0.0,
                    1.0
                ]
            ]
        },
        {
            "file_path": "./train/r_18",
            "transform_matrix": [
                [
                    -0.58777,
                    -0.808224,
                    0.0360803,
                    -0.174356
                ],
                [
                    -0.808996,
                    0.587562,
                    -0.0172332,
                    0.119985
                ],
                [
                    -0.00727115,
                    -0.0393179,
                    -0.9992,
                    1.1656
                ],
                [
                    0.0,
                    0.0,
                    0.0,
                    1.0
                ]
            ]
        },
        {
            "file_path": "./train/r_19",
            "transform_matrix": [
                [
                    -0.544625,
                    -0.837866,
                    0.0369328,
                    -0.180396
                ],
                [
                    -0.838649,
                    0.544458,
                    -0.0153213,
                    0.110695
                ],
                [
                    -0.00727115,
                    -0.0393179,
                    -0.9992,
                    1.1656
                ],
                [
                    0.0,
                    0.0,
                    0.0,
                    1.0
                ]
            ]
        },
        {
            "file_path": "./train/r_20",
            "transform_matrix": [
                [
                    -0.499987,
                    -0.865213,
                    0.037684,
                    -0.185942
                ],
                [
                    -0.866003,
                    0.499861,
                    -0.0133674,
                    0.101103
                ],
                [
                    -0.00727115,
                    -0.0393179,
                    -0.9992,
                    1.1656
                ],
                [
                    0.0,
                    0.0,
                    0.0,
                    1.0
                ]
            ]
        },
        {
            "file_path": "./train/r_21",
            "transform_matrix": [
                [
                    -0.453979,
                    -0.890188,
                    0.038332,
                    -0.190979
                ],
                [
                    -0.890983,
                    0.453894,
                    -0.0113768,
                    0.0912325
                ],
                [
                    -0.00727115,
                    -0.0393179,
                    -0.9992,
                    1.1656
                ],
                [
                    0.0,
                    0.0,
                    0.0,
                    1.0
                ]
            ]
        },
        {
            "file_path": "./train/r_22",
            "transform_matrix": [
                [
                    -0.406726,
                    -0.912723,
                    0.0388748,
                    -0.195492
                ],
                [
                    -0.913522,
                    0.406683,
                    -0.00935509,
                    0.0811125
                ],
                [
                    -0.00727115,
                    -0.0393179,
                    -0.9992,
                    1.1656
                ],
                [
                    0.0,
                    0.0,
                    0.0,
                    1.0
                ]
            ]
        },
        {
            "file_path": "./train/r_23",
            "transform_matrix": [
                [
                    -0.358359,
                    -0.932756,
                    0.0393112,
                    -0.199469
                ],
                [
                    -0.933556,
                    0.358358,
                    -0.00730772,
                    0.0707701
                ],
                [
                    -0.00727115,
                    -0.0393179,
                    -0.9992,
                    1.1656
                ],
                [
                    0.0,
                    0.0,
                    0.0,
                    1.0
                ]
            ]
        },
        {
            "file_path": "./train/r_24",
            "transform_matrix": [
                [
                    -0.309009,
                    -0.950233,
                    0.0396398,
                    -0.202899
                ],
                [
                    -0.951032,
                    0.30905,
                    -0.00524031,
                    0.0602337
                ],
                [
                    -0.00727115,
                    -0.0393179,
                    -0.9992,
                    1.1656
                ],
                [
                    0.0,
                    0.0,
                    0.0,
                    1.0
                ]
            ]
        },
        {
            "file_path": "./train/r_25",
            "transform_matrix": [
                [
                    -0.258812,
                    -0.965105,
                    0.0398597,
                    -0.205774
                ],
                [
                    -0.965901,
                    0.258895,
                    -0.00315855,
                    0.0495322
                ],
                [
                    -0.00727115,
                    -0.0393179,
                    -0.9992,
                    1.1656
                ],
                [
                    0.0,
                    0.0,
                    0.0,
                    1.0
                ]
            ]
        },
        {
            "file_path": "./train/r_26",
            "transform_matrix": [
                [
                    -0.207906,
                    -0.977332,
                    0.0399704,
                    -0.208084
                ],
                [
                    -0.978122,
                    0.208031,
                    -0.00106812,
                    0.0386949
                ],
                [
                    -0.00727115,
                    -0.0393179,
                    -0.9992,
                    1.1656
                ],
                [
                    0.0,
                    0.0,
                    0.0,
                    1.0
                ]
            ]
        },
        {
            "file_path": "./train/r_27",
            "transform_matrix": [
                [
                    -0.15643,
                    -0.98688,
                    0.0399715,
                    -0.209824
                ],
                [
                    -0.987663,
                    0.156596,
                    0.00102523,
                    0.0277516
                ],
                [
                    -0.00727115,
                    -0.0393179,
                    -0.9992,
                    1.1656
                ],
                [
                    0.0,
                    0.0,
                    0.0,
                    1.0
                ]
            ]
        },
        {
            "file_path": "./train/r_28",
            "transform_matrix": [
                [
                    -0.104526,
                    -0.993723,
                    0.0398631,
                    -0.210989
                ],
                [
                    -0.994496,
                    0.104732,
                    0.00311578,
                    0.0167323
                ],
                [
                    -0.00727115,
                    -0.0393179,
                    -0.9992,
                    1.1656
                ],
                [
                    0.0,
                    0.0,
                    0.0,
                    1.0
                ]
            ]
        },
        {
            "file_path": "./train/r_29",
            "transform_matrix": [
                [
                    -0.0523346,
                    -0.997843,
                    0.0396454,
                    -0.211575
                ],
                [
                    -0.998604,
                    0.052581,
                    0.00519777,
                    0.00566703
                ],
                [
                    -0.00727115,
                    -0.0393179,
                    -0.9992,
                    1.1656
                ],
                [
                    0.0,
                    0.0,
                    0.0,
                    1.0
                ]
            ]
        },
        {
            "file_path": "./train/r_30",
            "transform_matrix": [
                [
                    4.4104e-08,
                    -0.999227,
                    0.039319,
                    -0.211582
                ],
                [
                    -0.999974,
                    0.00028585,
                    0.00726553,
                    -0.00541375
                ],
                [
                    -0.00727115,
                    -0.0393179,
                    -0.9992,
                    1.1656
                ],
                [
                    0.0,
                    0.0,
                    0.0,
                    1.0
                ]
            ]
        },
        {
            "file_path": "./train/r_31",
            "transform_matrix": [
                [
                    0.104526,
                    -0.993783,
                    0.0383441,
                    -0.209857
                ],
                [
                    -0.994496,
                    -0.104163,
                    0.0113357,
                    -0.0275004
                ],
                [
                    -0.00727115,
                    -0.0393179,
                    -0.9992,
                    1.1656
                ],
                [
                    0.0,
                    0.0,
                    0.0,
                    1.0
                ]
            ]
        },
        {
            "file_path": "./train/r_32",
            "transform_matrix": [
                [
                    0.15643,
                    -0.98697,
                    0.0376983,
                    -0.20813
                ],
                [
                    -0.987663,
                    -0.156031,
                    0.0133269,
                    -0.0384458
                ],
                [
                    -0.00727115,
                    -0.0393179,
                    -0.9992,
                    1.1656
                ],
                [
                    0.0,
                    0.0,
                    0.0,
                    1.0
                ]
            ]
        },
        {
            "file_path": "./train/r_33",
            "transform_matrix": [
                [
                    0.258812,
                    -0.965253,
                    0.0360988,
                    -0.202971
                ],
                [
                    -0.965901,
                    -0.258343,
                    0.0171945,
                    -0.0599907
                ],
                [
                    -0.00727115,
                    -0.0393179,
                    -0.9992,
                    1.1656
                ],
                [
                    0.0,
                    0.0,
                    0.0,
                    1.0
                ]
            ]
        },
        {
            "file_path": "./train/r_34",
            "transform_matrix": [
                [
                    0.309009,
                    -0.95041,
                    0.0351494,
                    -0.199554
                ],
                [
                    -0.951032,
                    -0.308506,
                    0.0190602,
                    -0.0705312
                ],
                [
                    -0.00727115,
                    -0.0393179,
                    -0.9992,
                    1.1656
                ],
                [
                    0.0,
                    0.0,
                    0.0,
                    1.0
                ]
            ]
        },
        {
            "file_path": "./train/r_35",
            "transform_matrix": [
                [
                    0.358359,
                    -0.932961,
                    0.0341037,
                    -0.195589
                ],
                [
                    -0.933556,
                    -0.357824,
                    0.0208736,
                    -0.0808784
                ],
                [
                    -0.00727115,
                    -0.0393179,
                    -0.9992,
                    1.1656
                ],
                [
                    0.0,
                    0.0,
                    0.0,
                    1.0
                ]
            ]
        },
        {
            "file_path": "./train/r_36",
            "transform_matrix": [
                [
                    0.406726,
                    -0.912956,
                    0.0329645,
                    -0.191088
                ],
                [
                    -0.913522,
                    -0.406161,
                    0.0226299,
                    -0.0910038
                ],
                [
                    -0.00727115,
                    -0.0393179,
                    -0.9992,
                    1.1656
                ],
                [
                    0.0,
                    0.0,
                    0.0,
                    1.0
                ]
            ]
        },
        {
            "file_path": "./train/r_37",
            "transform_matrix": [
                [
                    0.453979,
                    -0.890448,
                    0.031735,
                    -0.186063
                ],
                [
                    -0.890983,
                    -0.453385,
                    0.0243241,
                    -0.10088
                ],
                [
                    -0.00727115,
                    -0.0393179,
                    -0.9992,
                    1.1656
                ],
                [
                    0.0,
                    0.0,
                    0.0,
                    1.0
                ]
            ]
        },
        {
            "file_path": "./train/r_38",
            "transform_matrix": [
                [
                    0.544625,
                    -0.838178,
                    0.0290186,
                    -0.174499
                ],
                [
                    -0.838649,
                    -0.543978,
                    0.0275081,
                    -0.119776
                ],
                [
                    -0.00727115,
                    -0.0393179,
                    -0.9992,
                    1.1656
                ],
                [
                    0.0,
                    0.0,
                    0.0,
                    1.0
                ]
            ]
        },
        {
            "file_path": "./train/r_39",
            "transform_matrix": [
                [
                    0.58777,
                    -0.80856,
                    0.0275392,
                    -0.167991
                ],
                [
                    -0.808996,
                    -0.5871,
                    0.0289891,
                    -0.128745
                ],
                [
                    -0.00727115,
                    -0.0393179,
                    -0.9992,
                    1.1656
                ],
                [
                    0.0,
                    0.0,
                    0.0,
                    1.0
                ]
            ]
        },
        {
            "file_path": "./train/r_40",
            "transform_matrix": [
                [
                    0.669113,
                    -0.742762,
                    0.0243581,
                    -0.153614
                ],
                [
                    -0.743125,
                    -0.668401,
                    0.0317089,
                    -0.145599
                ],
                [
                    -0.00727115,
                    -0.0393179,
                    -0.9992,
                    1.1656
                ],
                [
                    0.0,
                    0.0,
                    0.0,
                    1.0
                ]
            ]
        },
        {
            "file_path": "./train/r_41",
            "transform_matrix": [
                [
                    0.707088,
                    -0.706762,
                    0.0226652,
                    -0.145783
                ],
                [
                    -0.707088,
                    -0.706358,
                    0.0329402,
                    -0.153439
                ],
                [
                    -0.00727115,
                    -0.0393179,
                    -0.9992,
                    1.1656
                ],
                [
                    0.0,
                    0.0,
                    0.0,
                    1.0
                ]
            ]
        },
        {
            "file_path": "./train/r_42",
            "transform_matrix": [
                [
                    0.743125,
                    -0.668826,
                    0.0209102,
                    -0.137553
                ],
                [
                    -0.669113,
                    -0.742379,
                    0.0340813,
                    -0.160859
                ],
                [
                    -0.00727115,
                    -0.0393179,
                    -0.9992,
                    1.1656
                ],
                [
                    0.0,
                    0.0,
                    0.0,
                    1.0
                ]
            ]
        },
        {
            "file_path": "./train/r_43",
            "transform_matrix": [
                [
                    0.777126,
                    -0.629056,
                    0.0190979,
                    -0.128946
                ],
                [
                    -0.629304,
                    -0.776365,
                    0.0351289,
                    -0.167837
                ],
                [
                    -0.00727115,
                    -0.0393179,
                    -0.9992,
                    1.1656
                ],
                [
                    0.0,
                    0.0,
                    0.0,
                    1.0
                ]
            ]
        },
        {
            "file_path": "./train/r_44",
            "transform_matrix": [
                [
                    0.808996,
                    -0.587562,
                    0.0172332,
                    -0.119985
                ],
                [
                    -0.58777,
                    -0.808224,
                    0.0360803,
                    -0.174356
                ],
                [
                    -0.00727115,
                    -0.0393179,
                    -0.9992,
                    1.1656
                ],
                [
                    0.0,
                    0.0,
                    0.0,
                    1.0
                ]
            ]
        },
        {
            "file_path": "./train/r_45",
            "transform_matrix": [
                [
                    0.838649,
                    -0.544458,
                    0.0153213,
                    -0.110695
                ],
                [
                    -0.544625,
                    -0.837867,
                    0.0369328,
                    -0.180396
                ],
                [
                    -0.00727115,
                    -0.0393179,
                    -0.9992,
                    1.1656
                ],
                [
                    0.0,
                    0.0,
                    0.0,
                    1.0
                ]
            ]
        },
        {
            "file_path": "./train/r_46",
            "transform_matrix": [
                [
                    0.866003,
                    -0.499861,
                    0.0133674,
                    -0.101103
                ],
                [
                    -0.499987,
                    -0.865213,
                    0.037684,
                    -0.185942
                ],
                [
                    -0.00727115,
                    -0.0393179,
                    -0.9992,
                    1.1656
                ],
                [
                    0.0,
                    0.0,
                    0.0,
                    1.0
                ]
            ]
        },
        {
            "file_path": "./train/r_47",
            "transform_matrix": [
                [
                    0.890983,
                    -0.453894,
                    0.0113768,
                    -0.0912326
                ],
                [
                    -0.453979,
                    -0.890188,
                    0.038332,
                    -0.190979
                ],
                [
                    -0.00727115,
                    -0.0393179,
                    -0.9992,
                    1.1656
                ],
                [
                    0.0,
                    0.0,
                    0.0,
                    1.0
                ]
            ]
        },
        {
            "file_path": "./train/r_48",
            "transform_matrix": [
                [
                    0.913522,
                    -0.406683,
                    0.00935508,
                    -0.0811124
                ],
                [
                    -0.406726,
                    -0.912723,
                    0.0388749,
                    -0.195492
                ],
                [
                    -0.00727115,
                    -0.0393179,
                    -0.9992,
                    1.1656
                ],
                [
                    0.0,
                    0.0,
                    0.0,
                    1.0
                ]
            ]
        },
        {
            "file_path": "./train/r_49",
            "transform_matrix": [
                [
                    0.933556,
                    -0.358358,
                    0.00730771,
                    -0.07077
                ],
                [
                    -0.358359,
                    -0.932756,
                    0.0393112,
                    -0.199469
                ],
                [
                    -0.00727115,
                    -0.0393179,
                    -0.9992,
                    1.1656
                ],
                [
                    0.0,
                    0.0,
                    0.0,
                    1.0
                ]
            ]
        },
        {
            "file_path": "./train/r_50",
            "transform_matrix": [
                [
                    0.951032,
                    -0.30905,
                    0.00524031,
                    -0.0602337
                ],
                [
                    -0.309009,
                    -0.950233,
                    0.0396398,
                    -0.202899
                ],
                [
                    -0.00727115,
                    -0.0393179,
                    -0.9992,
                    1.1656
                ],
                [
                    0.0,
                    0.0,
                    0.0,
                    1.0
                ]
            ]
        },
        {
            "file_path": "./train/r_51",
            "transform_matrix": [
                [
                    0.978122,
                    -0.208031,
                    0.00106812,
                    -0.0386949
                ],
                [
                    -0.207906,
                    -0.977332,
                    0.0399704,
                    -0.208084
                ],
                [
                    -0.00727115,
                    -0.0393179,
                    -0.9992,
                    1.1656
                ],
                [
                    0.0,
                    0.0,
                    0.0,
                    1.0
                ]
            ]
        },
        {
            "file_path": "./train/r_52",
            "transform_matrix": [
                [
                    0.987663,
                    -0.156596,
                    -0.00102523,
                    -0.0277516
                ],
                [
                    -0.15643,
                    -0.98688,
                    0.0399715,
                    -0.209824
                ],
                [
                    -0.00727115,
                    -0.0393179,
                    -0.9992,
                    1.1656
                ],
                [
                    0.0,
                    0.0,
                    0.0,
                    1.0
                ]
            ]
        },
        {
            "file_path": "./train/r_53",
            "transform_matrix": [
                [
